@lpm0	lpm1	lpm2	lpm3	lpm4	lpm5	lpm6	lpm7	lpm8	lfp0	lfp1	lfp2	lfp3	lfp4	lfp5	lfp6	lfp7	lfp8	llcusd@
-9999.99	-9999.99	-9999.99	-9999.99	-9999.99	-9999.99	-9999.99	-9999.99	-9999.99	4.732107412	4.575038087	4.639416749	4.129789448	4.833854851	4.595291944	4.707769927	4.644201447	4.646585238	-0.24465183
-9999.99	-9999.99	-9999.99	-9999.99	-9999.99	-9999.99	-9999.99	-9999.99	-9999.99	4.75294971	4.669190368	4.692528651	4.157971121	4.830232411	4.626990014	4.733212227	4.636794014	4.67154886	-0.263673271
-9999.99	-9999.99	-9999.99	-9999.99	-9999.99	-9999.99	-9999.99	-9999.99	-9999.99	4.788459184	4.666142862	4.720405721	4.167224585	4.885562015	4.661173908	4.76291643	4.688202581	4.690623889	-0.329758047
-9999.99	-9999.99	-9999.99	-9999.99	-9999.99	-9999.99	-9999.99	-9999.99	-9999.99	4.800191917	4.886835309	4.728119569	4.211742781	4.926523057	4.693112977	4.794657869	4.696791706	4.693112977	-0.34863138
-9999.99	-9999.99	-9999.99	-9999.99	-9999.99	-9999.99	-9999.99	-9999.99	-9999.99	4.764135519	4.614858326	4.715627164	4.212660127	4.913604618	4.657145216	4.768634964	4.672089454	4.663399145	-0.329556009
-9999.99	-9999.99	-9999.99	-9999.99	-9999.99	-9999.99	-9999.99	-9999.99	-9999.99	4.783846724	4.529026316	4.727735842	4.206252923	4.919047101	4.678238714	4.801507227	4.69541705	4.694199765	-0.334519205
-9999.99	-9999.99	-9999.99	-9999.99	-9999.99	-9999.99	-9999.99	-9999.99	-9999.99	4.784892831	4.556115462	4.740083497	4.137857002	4.915329552	4.682026082	4.808214265	4.702975708	4.705411763	-0.342368767
-9999.99	-9999.99	-9999.99	-9999.99	-9999.99	-9999.99	-9999.99	-9999.99	-9999.99	4.751011534	4.697758212	4.727051461	4.085659362	4.885810444	4.635199498	4.777709449	4.674906947	4.65649022	-0.303427653
-9999.99	-9999.99	-9999.99	-9999.99	-9999.99	-9999.99	-9999.99	-9999.99	-9999.99	4.759062925	4.616811699	4.720769958	4.122828579	4.898103973	4.634488927	4.79487793	4.671348136	4.673757776	-0.29100385
-9999.99	-9999.99	-9999.99	-9999.99	-9999.99	-9999.99	-9999.99	-9999.99	-9999.99	4.786833128	4.603408428	4.727792147	4.129423373	4.950233698	4.648723624	4.809722411	4.702924081	4.705319291	-0.322809064
-9999.99	-9999.99	-9999.99	-9999.99	-9999.99	-9999.99	-9999.99	-9999.99	-9999.99	4.78364758	4.641057722	4.712516686	4.13278312	4.908419792	4.658779705	4.788067476	4.687229366	4.699350727	-0.322508051
-9999.99	-9999.99	-9999.99	-9999.99	-9999.99	-9999.99	-9999.99	-9999.99	-9999.99	4.759908226	4.575125543	4.684510209	4.163593682	4.879799528	4.619811032	4.772123814	4.685714303	4.685714303	-0.305398214
4.537963557	4.496883532	4.522362617	3.925097208	4.576429838	4.53279024	4.556368985	4.529673354	4.48171531	4.748067458	4.626778845	4.716210384	4.209230919	4.925149482	4.660343214	4.78651261	4.674906578	4.695181572	-0.291781932
4.537726358	4.527342049	4.499827086	3.95591355	4.576231622	4.536692767	4.555135912	4.533585566	4.5030408	4.755588115	4.635585322	4.721763019	4.210555059	4.935689915	4.648007842	4.777518818	4.685565255	4.705577694	-0.288479324
4.535755194	4.532638308	4.489037569	3.959929901	4.5764112	4.511607039	4.557305541	4.558320254	4.498772638	4.741024761	4.628679931	4.698756904	4.247937961	4.894216208	4.638642654	4.751041539	4.678720878	4.682285944	-0.280655086
4.558410475	4.547134087	4.449759923	4.003117643	4.565520713	4.612960438	4.556369658	4.521022943	4.495298052	4.740660355	4.590914968	4.65545349	4.292923526	4.887213657	4.643361444	4.735126306	4.645791579	4.662639149	-0.261783033
4.561077369	4.454467634	4.459002789	4.025431443	4.545637021	4.55595703	4.552872195	4.521488866	4.489088624	4.734634754	4.618629983	4.640528668	4.252953125	4.878246602	4.601259819	4.719181908	4.625982957	4.642932515	-0.243353146
4.551996868	4.531141054	4.439617164	4.005453161	4.594427475	4.516278785	4.551996868	4.541623331	4.502277479	4.752687044	4.618692224	4.658673321	4.220002627	4.895499558	4.627307662	4.72083372	4.634633702	4.653911407	-0.247161051
4.535814698	4.430919948	4.44594045	3.997716266	4.528450119	4.528450119	4.546242321	4.521030901	4.500611062	4.749279154	4.620295005	4.66795216	4.245032501	4.909540311	4.641348415	4.72365101	4.6462384	4.680993246	-0.261783033
4.523007815	4.526170707	4.427803227	3.994067685	4.572451459	4.50918516	4.519834888	4.531420063	4.497337957	4.742515811	4.667030191	4.663404809	4.265778149	4.913777174	4.673043438	4.711849012	4.633918643	4.675438649	-0.277101313
4.516975599	4.520172192	4.430061239	4.040762764	4.548490812	4.530754301	4.526534886	4.528646819	4.507324049	4.761157767	4.630259789	4.632731979	4.325938398	4.927794158	4.629021399	4.69958264	4.632731979	4.667908437	-0.261405414
4.520417307	4.5776352	4.401161024	4.105809893	4.649791247	4.557205481	4.531067035	4.534239962	4.522556345	4.741807668	4.631679125	4.630452884	4.402697487	4.918441658	4.620588439	4.679535147	4.618107048	4.66185643	-0.246323902
4.51311303	4.530280833	4.443656229	4.128532215	4.626557664	4.562727426	4.521733773	4.521733773	4.524947487	4.758586032	4.635173819	4.630204865	4.398619807	4.901248663	4.63144942	4.690609699	4.585639884	4.675252043	-0.257449193
4.53748204	4.640291533	4.418105378	4.141525719	4.663955676	4.590207429	4.530023294	4.546990828	4.514936801	4.704085179	4.626399073	4.59784344	4.388458705	4.831510767	4.592792924	4.667172107	4.617794226	4.660096606	-0.231283214
4.551752019	4.664252422	4.470567107	4.180978456	4.629766246	4.571575308	4.537958697	4.550697723	4.537958697	4.710981691	4.577762847	4.604891514	4.397439293	4.854447165	4.607321649	4.66851721	4.597565474	4.659342834	-0.196807899
4.584401374	4.610559807	4.495998983	4.174338557	4.724916479	4.578266386	4.538512197	4.565882326	4.547013842	4.695604434	4.55520331	4.60888346	4.330833517	4.841965842	4.558873039	4.638633937	4.564959485	4.6363766	-0.154960041
4.614184962	4.685746244	4.501212297	4.155394198	4.66151393	4.541369619	4.545615909	4.577927214	4.549844246	4.719402073	4.571556262	4.614611196	4.265069875	4.865166034	4.565593215	4.642687155	4.576301229	4.627061837	-0.141474859
4.621103659	4.559060378	4.509587925	4.062473578	4.719636183	4.616160495	4.549571641	4.567419884	4.552744568	4.731547183	4.578068999	4.629656367	4.190674916	4.856591604	4.588601571	4.637447169	4.569799607	4.61615785	-0.133387174
4.636589504	4.641427443	4.518321385	4.040426439	4.710420314	4.556870055	4.543120499	4.561062933	4.544184895	4.748350944	4.61082753	4.643433004	4.220110279	4.858580067	4.625575387	4.650048243	4.575940271	4.609684019	-0.138298624
4.653369624	4.530309532	4.509532404	4.027746933	4.718207144	4.588129103	4.561212364	4.565400851	4.532471695	4.74219503	4.596269434	4.631202563	4.186782487	4.842986153	4.596269434	4.637825104	4.567180705	4.608805211	-0.12388255
4.642989772	4.634179143	4.528490812	4.03571622	4.74571524	4.611303953	4.563921249	4.574414525	4.584798834	4.727676308	4.582769187	4.606220848	4.172206362	4.736435488	4.548283011	4.621555212	4.552950464	4.596237404	-0.087614795
4.633011189	4.625113813	4.571156706	4.083423613	4.650555498	4.624122241	4.590836264	4.58363088	4.591861379	4.724169962	4.621979021	4.624086503	4.190871482	4.783336939	4.576663824	4.624086503	4.531509427	4.593084555	-0.059225726
4.656888639	4.705405616	4.569007772	4.084282531	4.690726454	4.592732454	4.583515799	4.577323829	4.602874529	4.766190789	4.619192993	4.650161832	4.222367248	4.769929111	4.557686747	4.648056568	4.57597297	4.628907047	-0.088487775
4.652693516	4.666999912	4.560165246	4.094997115	4.603470982	4.584112252	4.579988535	4.561218432	4.570647522	4.775163101	4.633224879	4.641901723	4.253567655	4.760883944	4.587534481	4.645136227	4.574912397	4.621169939	-0.106271041
4.640796053	4.662011892	4.565938062	4.115901818	4.690235779	4.600014668	4.578464322	4.559615596	4.557499193	4.783481302	4.678014859	4.647905058	4.264039062	4.829134315	4.606673591	4.658762928	4.57547522	4.635823637	-0.120515666
4.631591592	4.631591592	4.559221765	4.054368406	4.695392378	4.644293277	4.575993647	4.548594673	4.567642867	4.738568625	4.618838169	4.605592942	4.169668626	4.826957133	4.577422065	4.617741076	4.542534806	4.605592942	-0.096218983
4.665731446	4.580446887	4.563745038	4.047642357	4.719398347	4.602965751	4.572130831	4.530569176	4.577336465	4.729439377	4.597142299	4.609131543	4.071217879	4.797214729	4.563694364	4.603699699	4.529088835	4.602609781	-0.074219255
4.683276746	4.677658754	4.568640016	4.024093362	4.749214848	4.603623007	4.570732067	4.549611958	4.574903085	4.739663302	4.606539601	4.614119497	4.032141174	4.805034018	4.576752512	4.611959669	4.541421202	4.615197664	-0.075237256
4.664727872	4.627794617	4.552772289	3.954255907	4.72759515	4.565497805	4.57284692	4.562331576	4.565497805	4.738724891	4.610330728	4.589621541	3.964585786	4.800353585	4.578547231	4.598393527	4.52713671	4.609251397	-0.068288156
4.663404133	4.661492087	4.556663062	3.904125313	4.741461181	4.588046391	4.568284957	4.554535401	4.56090485	4.732502635	4.629381046	4.589180086	3.954176299	4.80117525	4.569022629	4.606762957	4.532152093	4.589180086	-0.074845644
4.646051462	4.635366562	4.539079342	3.908452519	4.566652669	4.591447328	4.565606097	4.549774631	4.565606097	4.729451974	4.645729635	4.62854339	3.989178279	4.818420299	4.591011391	4.619838221	4.53669417	4.587631107	-0.0970194
4.642730403	4.561796466	4.535099739	3.892596291	4.848424242	4.577478962	4.562849652	4.556513833	4.556513833	4.706745283	4.628111201	4.590826181	3.905469802	4.800697689	4.57278736	4.591942875	4.536883098	4.585223925	-0.087614795
4.681496096	4.676812247	4.546628698	3.799651939	4.741350768	4.574056578	4.560436671	4.549832118	4.593634741	4.701200595	4.610466172	4.568096401	3.840183262	4.80795595	4.546218729	4.586155582	4.527416765	4.592844571	-0.084367638
4.611461619	4.696803268	4.534500578	3.802781123	4.775430948	4.571640125	4.55694941	4.540966118	4.569554619	4.682720208	4.608690646	4.572932646	3.836780582	4.855482115	4.561490874	4.578604811	4.516777543	4.592088161	-0.089440908
4.591114557	4.674210702	4.510477041	3.822839517	4.737810697	4.533416332	4.548421973	4.5568966	4.580868566	4.714955852	4.645371877	4.598851861	3.913801891	4.90380552	4.658587928	4.616123448	4.560977512	4.636463132	-0.138215259
4.539238555	4.603310051	4.479880473	3.847158041	4.70686714	4.564529682	4.539238555	4.528508838	4.569719107	4.712923941	4.672459153	4.597148535	3.938303949	4.902720172	4.620930868	4.63377401	4.580157835	4.647599115	-0.177963467
4.54428696	4.645383077	4.449508554	3.766832673	4.699652707	4.527119157	4.523867121	4.540022562	4.553815884	4.665280514	4.608895795	4.51277322	3.820902364	4.849062992	4.569860679	4.586607482	4.542964193	4.606572914	-0.151233439
4.57637469	4.583550528	4.452787808	3.690980313	4.729643147	4.547145052	4.536495324	4.542898761	4.54502416	4.683859936	4.60966862	4.518085442	3.750633536	4.875527355	4.580063142	4.586054772	4.553264949	4.629311077	-0.159211816
4.599152462	4.56850655	4.410371456	3.653252625	4.569543357	4.54542053	4.511958152	4.53474807	4.521788925	4.689190368	4.634352068	4.513463878	3.784043291	4.893154364	4.602276008	4.564311781	4.575135699	4.633224037	-0.149091831
4.602313943	4.59930038	4.428581274	3.68902772	4.649335338	4.545568448	4.51210607	4.551917675	4.543443048	4.65090284	4.609366814	4.487249623	3.754225777	4.853712573	4.569520906	4.528021175	4.543637108	4.595883464	-0.113863228
4.586044392	4.577856014	4.401886287	3.678886143	4.619130116	4.516395997	4.515302504	4.549714501	4.554985995	4.62364362	4.598764024	4.469136752	3.775989571	4.836477802	4.55625203	4.504657939	4.524908779	4.574372571	-0.084556212
4.589111023	4.584016768	4.43563762	3.84167076	4.637707595	4.541235074	4.527278863	4.565459534	4.538031655	4.615611799	4.603890833	4.453840346	3.907523038	4.803391596	4.522418022	4.501265647	4.528215139	4.55783006	-0.068000507
4.573815656	4.638741099	4.456806314	3.972313065	4.696060686	4.564484328	4.529504609	4.565525453	4.565525453	4.611630396	4.605274442	4.463970397	3.976931422	4.796237266	4.523370279	4.510601679	4.540523359	4.555155021	-0.060780259
4.566461943	4.594141824	4.452051591	3.941614393	4.573712104	4.550746585	4.541197441	4.554961555	4.564380776	4.581417752	4.584600779	4.452279308	3.961011282	4.722887795	4.507554988	4.484405807	4.51439652	4.530180388	-0.037027121
4.530805399	4.582260319	4.488995129	4.064244114	4.544716806	4.544716806	4.541523616	4.588382787	4.577129471	4.585374391	4.573690775	4.470227793	4.093377776	4.761162862	4.508582291	4.507441389	4.519920281	4.562949533	-0.034301632
4.568611807	4.546586795	4.474027505	4.128851595	4.692370499	4.530552246	4.544463652	4.570684347	4.569648614	4.604023922	4.610373149	4.501254997	4.206489069	4.752700135	4.522210362	4.531384738	4.556188715	4.580392317	-0.058498134
4.552927553	4.507661204	4.502133274	4.242868415	4.531627493	4.549761323	4.54764492	4.556083789	4.587110063	4.590028368	4.587893895	4.468908214	4.263949692	4.669907047	4.523925013	4.531866064	4.534123401	4.571738455	-0.048759665
4.585958566	4.553848091	4.487483342	4.271066274	4.693152263	4.544329246	4.558049778	4.563277181	4.587995227	4.616849875	4.613670222	4.513251474	4.319598351	4.739207967	4.562488666	4.55913108	4.55463669	4.583495519	-0.068278841
4.599657666	4.561762707	4.521288599	4.315653912	4.647729697	4.570078763	4.545981211	4.555479963	4.568006223	4.561552793	4.533073322	4.477090687	4.320979607	4.643421379	4.536401112	4.519650302	4.503758934	4.533073322	-0.03376363
4.633792017	4.557064185	4.563340356	4.410405482	4.554963343	4.560207194	4.54969185	4.528323516	4.566463732	4.562723183	4.556373956	4.483734772	4.386710796	4.671558667	4.504074456	4.517407987	4.522911578	4.540322247	-0.0109194
4.594352496	4.581120751	4.559369505	4.405742248	4.581120751	4.593340862	4.570821998	4.580095635	4.569786266	4.589343466	4.594479584	4.531033362	4.422757392	4.676097343	4.563259566	4.563259566	4.586249085	4.587281609	-0.013358833
4.593200859	4.61621338	4.558181833	4.456773432	4.573782773	4.566532612	4.574814233	4.559229502	4.579955632	4.560056181	4.564162963	4.519105577	4.467417327	4.658914119	4.557996448	4.541364048	4.552828478	4.559026845	0.016817785
4.609195959	4.553910643	4.566463109	4.492035239	4.572680746	4.598179323	4.586021118	4.587039967	4.592118698	4.553748727	4.530121537	4.518621149	4.48765231	4.640252361	4.554763441	4.538403158	4.548659658	4.54251839	0.036341572
4.626272743	4.55629996	4.57193342	4.497904993	4.581197511	4.632132135	4.588344045	4.601482182	4.596449459	4.547656659	4.53554753	4.52534336	4.395176265	4.597544753	4.543636553	4.52534336	4.536562243	4.521232357	0.054829036
4.596317865	4.571801826	4.597326438	4.498886365	4.672082242	4.60635811	4.602354101	4.608354119	4.603356607	4.518347233	4.489272503	4.509414171	4.433847969	4.557111776	4.527201201	4.508416664	4.50140612	4.49434608	0.098939948
4.642566578	4.536991953	4.593198212	4.572747602	4.63093854	4.617199365	4.590157156	4.606270294	4.594209846	4.557002488	4.55500847	4.549002446	4.540937886	4.571832221	4.55500847	4.551008464	4.547997925	4.54194952	0.052260327
4.631936144	4.635823418	4.600281671	4.597262041	4.600281671	4.656937446	4.595243877	4.600281671	4.602289704	4.528831004	4.522727222	4.537917387	4.541929429	4.487417219	4.5548585	4.542929929	4.537917387	4.541929429	0.062364284
4.578912092	4.636754735	4.611238139	4.580963375	4.599237995	4.612231681	4.600243526	4.592170828	4.606255568	4.496275098	4.50130276	4.519195882	4.527046756	4.448794559	4.506305272	4.511282883	4.510289341	4.510289341	0.100948798
4.545682653	4.677753319	4.617361229	4.722326409	4.612408272	4.634020115	4.62032127	4.634020115	4.622289775	4.467334631	4.496922588	4.494977062	4.599363394	4.429594303	4.472327153	4.492051658	4.488137759	4.487156886	0.137097526
4.591461993	4.693571795	4.652444503	4.784543573	4.611542989	4.592475678	4.641892847	4.622418034	4.632202848	4.47046397	4.483103905	4.510737869	4.609970626	4.415145695	4.474370225	4.493675844	4.484069622	4.478261281	0.156858439
4.62508585	4.649300108	4.657875673	4.789270059	4.627044714	4.577912026	4.645465012	4.631925153	4.631925153	4.471897388	4.481634564	4.516859529	4.613104725	4.381857056	4.469938524	4.492237073	4.472875384	4.488394609	0.155147326
4.637112926	4.653451588	4.669527584	4.761762941	4.626396798	4.587450288	4.641946188	4.630306871	4.628353746	4.529289826	4.529289826	4.553202969	4.576557604	4.411264748	4.512695985	4.530257412	4.521515249	4.535081348	0.108791623
4.646464119	4.604321676	4.652205762	4.646464119	4.592236937	4.628061663	4.647423352	4.61229779	4.623162094	4.537457116	4.546452679	4.571023939	4.499600933	4.391804363	4.55635375	4.557338486	4.561267764	4.571023939	0.063857039
4.639731976	4.63779774	4.632945717	4.622187667	4.593257969	4.612306164	4.635859755	4.590216912	4.617259121	4.519631948	4.502416333	4.53457991	4.527631991	4.373979195	4.548332582	4.542461724	4.536556195	4.552227427	0.08169058
4.653419445	4.648641605	4.624403869	4.617510686	4.610569657	4.676040579	4.629298642	4.589452733	4.626364654	4.525224186	4.519295315	4.524238479	4.452706461	4.362994986	4.532097066	4.524238479	4.528175492	4.536977505	0.095246541
4.633056484	4.701660175	4.615391648	4.543565914	4.65708455	4.572918126	4.628180804	4.59438037	4.619344222	4.509703002	4.497856861	4.494873269	4.44378964	4.323645328	4.526248391	4.506754597	4.508721166	4.507738365	0.11456007
4.630107535	4.653252251	4.59738275	4.620303534	4.637882112	4.611396994	4.630107535	4.60040238	4.626197461	4.487540117	4.485571613	4.468680998	4.494399527	4.331420933	4.505084427	4.496350747	4.496350747	4.492444492	0.134731922
4.657810412	4.615168293	4.588071803	4.662543029	4.638652738	4.634776764	4.643476674	4.614177704	4.645399752	4.468131253	4.465191516	4.452351833	4.513093394	4.309403906	4.489429251	4.475928564	4.472037508	4.483665546	0.158848201
4.630091709	4.631066843	4.587235126	4.604398596	4.613367266	4.638833872	4.648458586	4.608394605	4.654189261	4.47883528	4.47883528	4.452114245	4.450106212	4.308936244	4.4807865	4.4807865	4.48855353	4.49721993	0.150280343
4.574985588	4.65423496	4.566703967	4.566703967	4.625247423	4.597412624	4.635974001	4.616384736	4.633059963	4.512274885	4.520148942	4.469887107	4.44059631	4.343692504	4.523085801	4.511286254	4.524062841	4.525038927	0.105098481
4.561418719	4.638805383	4.550914421	4.570779162	4.611352679	4.583124998	4.601362585	4.611352679	4.632012538	4.496948792	4.525965335	4.461821213	4.468110542	4.351893678	4.519038043	4.501001482	4.507049888	4.521022171	0.093308177
4.578946683	4.629983271	4.547661546	4.528409614	4.676680655	4.590177021	4.604290158	4.591191734	4.628030146	4.48201273	4.520208327	4.427262215	4.333141803	4.351988062	4.502297401	4.479961447	4.503300913	4.510297443	0.098985237
4.603271222	4.65215681	4.571716441	4.477439853	4.670124197	4.606272725	4.621146574	4.594212277	4.63580243	4.473649679	4.503592036	4.420595116	4.269821917	4.360037266	4.49271699	4.466532211	4.49072694	4.496685249	0.118538306
4.62503617	4.637700733	4.579915734	4.452082363	4.673826334	4.649250428	4.628950069	4.587069572	4.635762747	4.490297398	4.520856701	4.442107654	4.231230993	4.406828742	4.502237838	4.486285357	4.501248229	4.533399074	0.113935644
4.615336015	4.695226389	4.56352148	4.458045097	4.630078297	4.584162048	4.612361298	4.599367612	4.627147176	4.481064072	4.504780599	4.413855322	4.245341739	4.386753393	4.472023327	4.460861365	4.496937421	4.506731819	0.124321612
4.615147488	4.689538305	4.569569979	4.416455032	4.670984897	4.605197157	4.618113382	4.587033186	4.631839088	4.472924003	4.471930461	4.409378038	4.257693451	4.397669549	4.46294388	4.453875808	4.481821739	4.497447057	0.139248767
4.598177975	4.726534875	4.560205224	4.453216233	4.685860493	4.608198099	4.629895203	4.592117351	4.622059707	4.481512577	4.473552336	4.424412461	4.324052828	4.434850969	4.481512577	4.463512091	4.502111638	4.501140293	0.132649754
4.61619162	4.678502142	4.555010464	4.509841495	4.659739866	4.678502142	4.627013172	4.596210936	4.629944293	4.485952828	4.479946804	4.432661531	4.407073781	4.455555351	4.506694312	4.474914081	4.506694312	4.496871051	0.121296855
4.613218131	4.608245471	4.565469092	4.529448248	4.675708425	4.618166187	4.622107079	4.588103803	4.622107079	4.512503886	4.49320415	4.468280742	4.44917188	4.477699964	4.526490128	4.506449377	4.545163889	4.532424863	0.086728004
4.585341941	4.551088463	4.570953204	4.510134464	4.692639355	4.590431011	4.61450439	4.578173452	4.629261175	4.537341455	4.547514482	4.498774924	4.432889411	4.527063872	4.564574605	4.541423093	4.568546805	4.562582573	0.045957585
4.603308071	4.559266135	4.562402573	4.509899889	4.700620254	4.529508361	4.608305583	4.558218466	4.623149992	4.560658079	4.581192681	4.526899599	4.459208761	4.537572059	4.581192681	4.564798872	4.594317554	4.591303991	0.007988011
4.578780255	4.550668044	4.559080292	4.50861333	4.782433245	4.590010592	4.618040456	4.555933986	4.625906769	4.544976174	4.563495222	4.507954495	4.470628538	4.520802638	4.581677541	4.548086597	4.572627706	4.56654866	0.022446189
4.558087406	4.60317701	4.57162223	4.553885719	4.69227372	4.6279185	4.608174522	4.536900172	4.601170992	4.551186983	4.596718367	4.516428349	4.511054881	4.556349617	4.578753812	4.549114443	4.575728092	4.569649045	0.019400586
4.579135212	4.521010031	4.570887743	4.589349806	4.737384258	4.517740273	4.612454801	4.542539388	4.611461259	4.556669407	4.576047882	4.528469105	4.530585508	4.578066046	4.578066046	4.554607551	4.582090196	4.582090196	0.01938097
4.602625193	4.546418934	4.5862983	4.552822371	4.762255339	4.598568393	4.625637714	4.531316165	4.624648105	4.584285603	4.586328504	4.553130435	4.485492883	4.620434117	4.60151867	4.577102401	4.594458631	4.59849904	0.008166563
4.591313272	4.52420214	4.563547992	4.532841503	4.753832201	4.607410199	4.618328421	4.52420214	4.629128723	4.599991907	4.585558667	4.544217327	4.531145245	4.617242462	4.608146896	4.592801327	4.614219789	4.614219789	-0.017848338
4.58619479	4.587213639	4.555136393	4.608373118	4.713334751	4.631045356	4.601369588	4.526334402	4.622234726	4.643253624	4.640181425	4.576668019	4.658474618	4.656458488	4.665499233	4.623635029	4.644275596	4.655448897	-0.060121623
4.567489003	4.571634086	4.560193504	4.628907396	4.757053219	4.593118289	4.595140534	4.520721713	4.612166484	4.642959526	4.636716009	4.588604112	4.688583251	4.677621507	4.665524586	4.62727703	4.655330818	4.656354883	-0.07443264
4.581118126	4.552010042	4.56666999	4.657054051	4.7302798	4.664622678	4.605410818	4.547781705	4.602406309	4.638782838	4.64814328	4.599353116	4.692685056	4.684732728	4.677722183	4.635643118	4.658442033	4.64814328	-0.077323907
4.592244502	4.544517602	4.574870534	4.598305127	4.735480426	4.645511531	4.6003172	4.544517602	4.604329241	4.649864967	4.650901773	4.620389148	4.576714085	4.700431856	4.679504336	4.641531585	4.659157754	4.641531585	-0.081199209
4.560384514	4.547739456	4.559336845	4.481998374	4.717074973	4.550915743	4.599403838	4.543488653	4.607427953	4.697564673	4.698620082	4.670810804	4.549904675	4.741970523	4.758002931	4.693331863	4.711198865	4.688015529	-0.145592407
4.553997828	4.561339234	4.541285792	4.454468232	4.730160104	4.594230175	4.592205882	4.543415718	4.613259292	4.686419544	4.67994703	4.642456421	4.548269206	4.701361124	4.736744628	4.688567773	4.717126033	4.694984907	-0.153699115
4.538045698	4.591155523	4.522959205	4.463690883	4.73012343	4.588108289	4.586071628	4.533758446	4.627015939	4.655762844	4.665445545	4.607026732	4.546189262	4.702233718	4.689772498	4.665445545	4.686632778	4.6792682	-0.128469938
4.585264503	4.578096013	4.522085601	4.510057025	4.693478088	4.533971208	4.584243574	4.530743664	4.60546721	4.642585414	4.654318882	4.607647363	4.576042023	4.664867503	4.679451095	4.649002548	4.664867503	4.668010512	-0.107540668
4.590507336	4.571029529	4.538412224	4.518973167	4.731372179	4.549050622	4.590507336	4.54374557	4.600608432	4.673345557	4.661748168	4.628321876	4.598269531	4.688946497	4.687913973	4.663866813	4.67961517	4.682735297	-0.114816191
4.608198081	4.530479026	4.547573459	4.513087283	4.740607209	4.560205206	4.588056413	4.540130575	4.587038601	4.714390576	4.68568047	4.661661848	4.614141595	4.732053372	4.733082709	4.705969473	4.717530296	4.712291939	-0.156279611
4.608413278	4.587253798	4.547788656	4.51985988	4.720530576	4.579073793	4.596377024	4.555176552	4.604417268	4.70999414	4.704711508	4.680045378	4.615000033	4.692990543	4.731881413	4.70999414	4.711047326	4.715249013	-0.156922852
4.602910521	4.497327313	4.538772721	4.517173609	4.751606902	4.597887908	4.590813599	4.557820916	4.609900065	4.756558423	4.748074809	4.734133564	4.656697248	4.740592144	4.757613832	4.759721314	4.761824365	4.758668128	-0.206102085
4.58301173	4.522962097	4.548686988	4.505437004	4.692352046	4.634816142	4.579939531	4.52187573	4.580964647	4.771188318	4.739715291	4.769049279	4.689987532	4.772256123	4.793376233	4.783927343	4.77011937	4.775452716	-0.232070781
4.593204209	4.514257391	4.553983495	4.528395746	4.721280466	4.60427629	4.591177866	4.518628983	4.60527679	4.77488969	4.773821885	4.781272691	4.680965956	4.784448977	4.790771443	4.790771443	4.779149548	4.77488969	-0.234684897
4.590116751	4.536951548	4.593157808	4.536951548	4.693241266	4.565449519	4.592145149	4.526187182	4.605230389	4.751432516	4.743989632	4.777570962	4.692527813	4.793947991	4.766154128	4.782717654	4.749311625	4.749311625	-0.20383124
4.596828264	4.520391279	4.59783582	4.620733784	4.709220451	4.583636799	4.610842507	4.526898894	4.601855926	4.74961042	4.724399	4.774201823	4.707231197	4.830291289	4.756845593	4.780256332	4.736033188	4.713703711	-0.181413969
4.624891118	4.498484153	4.605068864	4.675595427	4.719398049	4.603064855	4.622926481	4.547380368	4.608067367	4.75969549	4.732582255	4.792086986	4.789094465	4.868752868	4.767892257	4.80101119	4.741003357	4.712293251	-0.182025601
4.651151069	4.505401801	4.632837304	4.66160247	4.703255877	4.595171801	4.613190306	4.507609308	4.613190306	4.76849332	4.71990932	4.801948036	4.807912269	4.901509116	4.795948018	4.814825877	4.752908589	4.744496342	-0.193730391
4.611249153	4.499906566	4.634825884	4.659755267	4.75540974	4.60125906	4.643525794	4.515342374	4.622124199	4.771703024	4.729278847	4.814392433	4.823307797	4.902895235	4.809404892	4.835072638	4.7768817	4.762313284	-0.20413781
4.585063542	4.577895053	4.623106168	4.725712403	4.666361349	4.589136868	4.633853706	4.506550277	4.611248321	4.748647074	4.729477158	4.80104735	4.908208047	4.862201774	4.799043342	4.825764377	4.757050485	4.746535141	-0.196781601
4.545473206	4.502082451	4.620111822	4.759659563	4.756226083	4.654013374	4.641555139	4.503190484	4.60622271	4.745730653	4.764658663	4.795430322	4.924152187	4.836009862	4.801472636	4.840847801	4.75838905	4.744668518	-0.200257448
4.553033885	4.484342037	4.641712294	4.830921041	4.737285436	4.636879032	4.644601078	4.527418824	4.607378368	4.764547154	4.779346579	4.819454782	5.025517805	4.848269493	4.814401715	4.87246032	4.77829671	4.760278204	-0.222106589
4.576923478	4.531676413	4.639724379	4.781794096	4.706976606	4.612298566	4.644543666	4.503290227	4.605322953	4.798590711	4.811356842	4.836410344	5.020448639	4.885691306	4.874837721	4.910886437	4.8102992	4.802864222	-0.261546599
4.599474776	4.518675734	4.652480313	4.744656786	4.720835633	4.63706575	4.634148878	4.533860407	4.607506947	4.832267725	4.858626657	4.857585533	4.952895712	4.868978716	4.898407527	4.93954947	4.84500675	4.841837176	-0.29090058