@lpm0	lpm1	lpm2	lpm3	lpm4	lpm5	lpm6	lpm7	lpm8	lfp0	lfp1	lfp2	lfp3	lfp4	lfp5	lfp6	lfp7	lfp8	llcusd@
-9999.99	-9999.99	-9999.99	-9999.99	-9999.99	-9999.99	-9999.99	-9999.99	-9999.99	4.732107412	4.575038087	4.639416749	4.129789448	4.833854851	4.595291944	4.707769927	4.644201447	4.646585238	-0.227522625
-9999.99	-9999.99	-9999.99	-9999.99	-9999.99	-9999.99	-9999.99	-9999.99	-9999.99	4.75294971	4.669190368	4.692528651	4.157971121	4.830232411	4.626990014	4.733212227	4.636794014	4.67154886	-0.247247993
-9999.99	-9999.99	-9999.99	-9999.99	-9999.99	-9999.99	-9999.99	-9999.99	-9999.99	4.788459184	4.666142862	4.720405721	4.167224585	4.885562015	4.661173908	4.76291643	4.688202581	4.690623889	-0.306332652
-9999.99	-9999.99	-9999.99	-9999.99	-9999.99	-9999.99	-9999.99	-9999.99	-9999.99	4.800191917	4.886835309	4.728119569	4.211742781	4.926523057	4.693112977	4.794657869	4.696791706	4.693112977	-0.332231143
-9999.99	-9999.99	-9999.99	-9999.99	-9999.99	-9999.99	-9999.99	-9999.99	-9999.99	4.764135519	4.614858326	4.715627164	4.212660127	4.913604618	4.657145216	4.768634964	4.672089454	4.663399145	-0.320460118
-9999.99	-9999.99	-9999.99	-9999.99	-9999.99	-9999.99	-9999.99	-9999.99	-9999.99	4.783846724	4.529026316	4.727735842	4.206252923	4.919047101	4.678238714	4.801507227	4.69541705	4.694199765	-0.324453808
-9999.99	-9999.99	-9999.99	-9999.99	-9999.99	-9999.99	-9999.99	-9999.99	-9999.99	4.784892831	4.556115462	4.740083497	4.137857002	4.915329552	4.682026082	4.808214265	4.702975708	4.705411763	-0.336036671
-9999.99	-9999.99	-9999.99	-9999.99	-9999.99	-9999.99	-9999.99	-9999.99	-9999.99	4.751011534	4.697758212	4.727051461	4.085659362	4.885810444	4.635199498	4.777709449	4.674906947	4.65649022	-0.32405827
-9999.99	-9999.99	-9999.99	-9999.99	-9999.99	-9999.99	-9999.99	-9999.99	-9999.99	4.759062925	4.616811699	4.720769958	4.122828579	4.898103973	4.634488927	4.79487793	4.671348136	4.673757776	-0.307521308
-9999.99	-9999.99	-9999.99	-9999.99	-9999.99	-9999.99	-9999.99	-9999.99	-9999.99	4.786833128	4.603408428	4.727792147	4.129423373	4.950233698	4.648723624	4.809722411	4.702924081	4.705319291	-0.331153128
-9999.99	-9999.99	-9999.99	-9999.99	-9999.99	-9999.99	-9999.99	-9999.99	-9999.99	4.78364758	4.641057722	4.712516686	4.13278312	4.908419792	4.658779705	4.788067476	4.687229366	4.699350727	-0.338110057
-9999.99	-9999.99	-9999.99	-9999.99	-9999.99	-9999.99	-9999.99	-9999.99	-9999.99	4.759908226	4.575125543	4.684510209	4.163593682	4.879799528	4.619811032	4.772123814	4.685714303	4.685714303	-0.315928609
4.533116187	4.383450594	4.414295269	3.87262497	4.659620876	4.471064199	4.533116187	4.547534563	4.462194961	4.748067458	4.626778845	4.716210384	4.209230919	4.925149482	4.660343214	4.78651261	4.674906578	4.695181572	-0.291455985
4.55909901	4.422019417	4.400461696	3.912377926	4.602562142	4.4535089	4.549757998	4.544530594	4.48737218	4.755588115	4.635585322	4.721763019	4.210555059	4.935689915	4.648007842	4.777518818	4.685565255	4.705577694	-0.267106672
4.550826249	4.411744703	4.439046102	3.96010334	4.612743536	4.489284977	4.542414001	4.560206203	4.48817077	4.741024761	4.628679931	4.698756904	4.247937961	4.894216208	4.638642654	4.751041539	4.678720878	4.682285944	-0.256204077
4.586610281	4.412452034	4.391502408	4.00576667	4.711652876	4.499971413	4.543694224	4.566951086	4.494369157	4.740660355	4.590914968	4.65545349	4.292923526	4.887213657	4.643361444	4.735126306	4.645791579	4.662639149	-0.228473355
4.591432028	4.424561767	4.468961583	3.975133536	4.71403435	4.49713246	4.545922624	4.572033768	4.504880147	4.734634754	4.618629983	4.640528668	4.252953125	4.878246602	4.601259819	4.719181908	4.625982957	4.642932515	-0.223161176
4.569210019	4.397040834	4.433927824	3.941238911	4.675590423	4.506031117	4.541272351	4.580371982	4.50494357	4.752687044	4.618692224	4.658673321	4.220002627	4.895499558	4.627307662	4.72083372	4.634633702	4.653911407	-0.24123586
4.544812507	4.366233937	4.394473996	3.993237224	4.693591643	4.520562505	4.522694702	4.566451682	4.506591295	4.749279154	4.620295005	4.66795216	4.245032501	4.909540311	4.641348415	4.72365101	4.6462384	4.680993246	-0.259054837
4.557916311	4.387078712	4.389479673	4.014131988	4.696752755	4.483262636	4.514431199	4.540542343	4.501651472	4.742515811	4.667030191	4.663404809	4.265778149	4.913777174	4.673043438	4.711849012	4.633918643	4.675438649	-0.283563764
4.547208594	4.405133918	4.351658238	4.161062847	4.664306933	4.470411811	4.477041669	4.547208594	4.477041669	4.761157767	4.630259789	4.632731979	4.325938398	4.927794158	4.629021399	4.69958264	4.632731979	4.667908437	-0.26990044
4.558067331	4.399002636	4.323704896	4.081143259	4.690837785	4.484427341	4.47013353	4.538609472	4.489871012	4.741807668	4.631679125	4.630452884	4.402697487	4.918441658	4.620588439	4.679535147	4.618107048	4.66185643	-0.262853794
4.551600186	4.393317269	4.345070435	4.089401074	4.681904728	4.484446565	4.489944105	4.543318565	4.505178349	4.758586032	4.635173819	4.630204865	4.398619807	4.901248663	4.63144942	4.690609699	4.585639884	4.675252043	-0.267546037
4.562349181	4.404968579	4.338441591	4.105697966	4.657474193	4.492774238	4.48730077	4.536561264	4.490588444	4.704085179	4.626399073	4.59784344	4.388458705	4.831510767	4.592792924	4.667172107	4.617794226	4.660096606	-0.248002106
4.546313928	4.427623745	4.378600182	4.113536198	4.607608853	4.53694374	4.496383218	4.541119111	4.516869109	4.710981691	4.577762847	4.604891514	4.397439293	4.854447165	4.607321649	4.66851721	4.597565474	4.659342834	-0.218965292
4.567351785	4.40011347	4.402505816	4.084500013	4.615804168	4.511086946	4.513228275	4.534393086	4.530195808	4.695604434	4.55520331	4.60888346	4.330833517	4.841965842	4.558873039	4.638633937	4.564959485	4.6363766	-0.17810721
4.620104357	4.427878845	4.444139366	4.068188318	4.589694951	4.495778222	4.532302153	4.549038946	4.532302153	4.719402073	4.571556262	4.614611196	4.265069875	4.865166034	4.565593215	4.642687155	4.576301229	4.627061837	-0.159016951
4.680251429	4.460767534	4.478867576	3.95827845	4.664546718	4.537644012	4.520586029	4.562697514	4.53658637	4.731547183	4.578068999	4.629656367	4.190674916	4.856591604	4.588601571	4.637447169	4.569799607	4.61615785	-0.147431206
4.722420199	4.4888518	4.511993329	4.00515394	4.658646316	4.520670173	4.539922104	4.563994434	4.524980524	4.748350944	4.61082753	4.643433004	4.220110279	4.858580067	4.625575387	4.650048243	4.575940271	4.609684019	-0.146807706
4.704699968	4.470755232	4.496440619	3.962941659	4.625552115	4.50303405	4.535364452	4.572829812	4.525774607	4.74219503	4.596269434	4.631202563	4.186782487	4.842986153	4.596269434	4.637825104	4.567180705	4.608805211	-0.139181841
4.682599352	4.511888956	4.466502085	3.978442886	4.642575396	4.545934797	4.538585683	4.592930166	4.554268179	4.727676308	4.582769187	4.606220848	4.172206362	4.736435488	4.548283011	4.621555212	4.552950464	4.596237404	-0.114004658
4.635548567	4.508197239	4.547923343	4.0458314	4.670606634	4.544760452	4.556309137	4.586131398	4.581052667	4.724169962	4.621979021	4.624086503	4.190871482	4.783336939	4.576663824	4.624086503	4.531509427	4.593084555	-0.07616316
4.675430248	4.515409012	4.508880153	4.080780902	4.599614576	4.531547071	4.547428823	4.58555812	4.584546486	4.766190789	4.619192993	4.650161832	4.222367248	4.769929111	4.557686747	4.648056568	4.57597297	4.628907047	-0.103783981
4.729073221	4.505929669	4.480386915	4.103748637	4.692445634	4.534039628	4.545698478	4.576821322	4.556180754	4.775163101	4.633224879	4.641901723	4.253567655	4.760883944	4.587534481	4.645136227	4.574912397	4.621169939	-0.120737809
4.717105249	4.505743539	4.42524032	4.107983477	4.653401204	4.520005986	4.55427058	4.579219899	4.552163097	4.783481302	4.678014859	4.647905058	4.264039062	4.829134315	4.606673591	4.658762928	4.57547522	4.635823637	-0.130080098
4.705587662	4.482671151	4.426647168	3.966914738	4.601336633	4.548556665	4.564371439	4.589166097	4.552798453	4.738568625	4.618838169	4.605592942	4.169668626	4.826957133	4.577422065	4.617741076	4.542534806	4.605592942	-0.101584653
4.692887665	4.563294836	4.421644319	3.917239263	4.675237416	4.535662897	4.553816092	4.570605573	4.577863251	4.729439377	4.597142299	4.609131543	4.071217879	4.797214729	4.563694364	4.603699699	4.529088835	4.602609781	-0.078871144
4.708614756	4.52683801	4.421235393	3.946863885	4.692130866	4.550520494	4.546256096	4.57676872	4.594231927	4.739663302	4.606539601	4.614119497	4.032141174	4.805034018	4.576752512	4.611959669	4.541421202	4.615197664	-0.077525312
4.702909292	4.545392121	4.42465408	3.892208197	4.717468239	4.5204044	4.547535745	4.582257802	4.583291394	4.738724891	4.610330728	4.589621541	3.964585786	4.800353585	4.578547231	4.598393527	4.52713671	4.609251397	-0.070317856
4.704466653	4.536497237	4.438803265	3.891934056	4.857702001	4.519029544	4.55366504	4.589196469	4.571588556	4.732502635	4.629381046	4.589180086	3.954176299	4.80117525	4.569022629	4.606762957	4.532152093	4.589180086	-0.076780401
4.692436904	4.5606157	4.413624747	3.829970822	4.757551296	4.528561674	4.541506839	4.565859551	4.5606157	4.729451974	4.645729635	4.62854339	3.989178279	4.818420299	4.591011391	4.619838221	4.53669417	4.587631107	-0.097812518
4.668849531	4.554725827	4.414963885	3.753031724	4.748819461	4.521299535	4.534371616	4.562121529	4.558958638	4.706745283	4.628111201	4.590826181	3.905469802	4.800697689	4.57278736	4.591942875	4.536883098	4.585223925	-0.088342918
4.667418362	4.515161622	4.371806034	3.705058878	4.74753398	4.525046382	4.526138681	4.562584301	4.576175728	4.701200595	4.610466172	4.568096401	3.840183262	4.80795595	4.546218729	4.586155582	4.527416765	4.592844571	-0.084327491
4.634126717	4.523534012	4.402878	3.728057539	4.779573144	4.535484181	4.524626311	4.538718685	4.575701241	4.682720208	4.608690646	4.572932646	3.836780582	4.855482115	4.561490874	4.578604811	4.516777543	4.592088161	-0.089537802
4.626189147	4.514789634	4.375578201	3.767330464	4.872895272	4.512584562	4.522469321	4.52356162	4.572559706	4.714955852	4.645371877	4.598851861	3.913801891	4.90380552	4.658587928	4.616123448	4.560977512	4.636463132	-0.137212101
4.594531739	4.484554358	4.349409281	3.723703381	4.723375722	4.502451927	4.499120441	4.504666767	4.563728482	4.712923941	4.672459153	4.597148535	3.938303949	4.902720172	4.620930868	4.63377401	4.580157835	4.647599115	-0.176681333
4.571447838	4.499567038	4.295429706	3.638455257	4.724710813	4.490628431	4.487255747	4.525913238	4.54841017	4.665280514	4.608895795	4.51277322	3.820902364	4.849062992	4.569860679	4.586607482	4.542964193	4.606572914	-0.15135652
4.571234735	4.502758793	4.298266359	3.577569226	4.713645924	4.489380667	4.489380667	4.539719522	4.55874758	4.683859936	4.60966862	4.518085442	3.750633536	4.875527355	4.580063142	4.586054772	4.553264949	4.629311077	-0.159194462
4.574711327	4.49312103	4.368181576	3.648057808	4.745801664	4.49869829	4.456670526	4.531523994	4.543295131	4.689190368	4.634352068	4.513463878	3.784043291	4.893154364	4.602276008	4.564311781	4.575135699	4.633224037	-0.149091831
4.565537582	4.531671912	4.334821205	3.616457027	4.727536085	4.503285727	4.459135942	4.524108397	4.547689339	4.65090284	4.609366814	4.487249623	3.754225777	4.853712573	4.569520906	4.528021175	4.543637108	4.595883464	-0.113863228
4.566486383	4.502086452	4.358047082	3.696408494	4.702353922	4.485316914	4.456727203	4.529425498	4.542287411	4.62364362	4.598764024	4.469136752	3.775989571	4.836477802	4.55625203	4.504657939	4.524908779	4.574372571	-0.084556212
4.588094246	4.527278863	4.370783093	3.865001616	4.626022944	4.489829553	4.472851216	4.533744403	4.547611292	4.615611799	4.603890833	4.453840346	3.907523038	4.803391596	4.522418022	4.501265647	4.528215139	4.55783006	-0.068000507
4.585103615	4.54767721	4.39951141	3.918141214	4.760599207	4.545556318	4.488772506	4.533810321	4.555065106	4.611630396	4.605274442	4.463970397	3.976931422	4.796237266	4.523370279	4.510601679	4.540523359	4.555155021	-0.060780259
4.563338567	4.556012527	4.37074546	3.923984161	4.747570012	4.529401058	4.486419235	4.544390632	4.540130774	4.581417752	4.584600779	4.452279308	3.961011282	4.722887795	4.507554988	4.484405807	4.51439652	4.530180388	-0.037027121
4.575069738	4.543653542	4.416786821	4.140313833	4.590415308	4.522147337	4.512316564	4.570937501	4.56053158	4.585374391	4.573690775	4.470227793	4.093377776	4.761162862	4.508582291	4.507441389	4.519920281	4.562949533	-0.034301632
4.574816584	4.542335992	4.447451707	4.154290168	4.68961694	4.529474078	4.50102577	4.544463652	4.5727526	4.604023922	4.610373149	4.501254997	4.206489069	4.752700135	4.522210362	4.531384738	4.556188715	4.580392317	-0.058498134
4.587110063	4.535923955	4.445105281	4.251452158	4.673866825	4.576874559	4.510963354	4.562366532	4.584050397	4.590028368	4.587893895	4.468908214	4.263949692	4.669907047	4.523925013	4.531866064	4.534123401	4.571738455	-0.048759665
4.581872759	4.528260341	4.441445293	4.262651077	4.693152263	4.559097447	4.526098178	4.574682178	4.572618194	4.616849875	4.613670222	4.513251474	4.319598351	4.739207967	4.562488666	4.55913108	4.55463669	4.583495519	-0.068278841
4.571113424	4.538530405	4.467704352	4.353641453	4.657262658	4.564889338	4.533174206	4.574211	4.58955657	4.561552793	4.533073322	4.477090687	4.320979607	4.643421379	4.536401112	4.519650302	4.503758934	4.533073322	-0.03376363
4.58602174	4.550748374	4.464792406	4.415253976	4.650177926	4.551803783	4.556014316	4.574745352	4.578860585	4.562723183	4.556373956	4.483734772	4.386710796	4.671558667	4.504074456	4.517407987	4.522911578	4.540322247	-0.0109194
4.586230624	4.546724447	4.559369505	4.422691806	4.63302861	4.587249473	4.563549239	4.582144816	4.574954236	4.589343466	4.594479584	4.531033362	4.422757392	4.676097343	4.563259566	4.563259566	4.586249085	4.587281609	-0.013358833
4.60427294	4.548703089	4.495458574	4.489862589	4.706023343	4.592188201	4.573782773	4.610260982	4.579955632	4.560056181	4.564162963	4.519105577	4.467417327	4.658914119	4.557996448	4.541364048	4.552828478	4.559026845	0.016817785
4.613172107	4.604203437	4.5900903	4.504278019	4.653994102	4.576804463	4.592118698	4.595153602	4.601195916	4.553748727	4.530121537	4.518621149	4.48765231	4.640252361	4.554763441	4.538403158	4.548659658	4.54251839	0.036341572
4.622347321	4.588344045	4.605490204	4.405819009	4.639891631	4.595439868	4.590376566	4.587326233	4.584266567	4.547656659	4.53554753	4.52534336	4.395176265	4.597544753	4.543636553	4.52534336	4.536562243	4.521232357	0.054829036
4.631026356	4.583113001	4.620247222	4.564536615	4.661738943	4.6378258	4.602354101	4.599340537	4.58617579	4.518347233	4.489272503	4.509414171	4.433847969	4.557111776	4.527201201	4.508416664	4.50140612	4.49434608	0.098939948
4.607268796	4.621144143	4.614230535	4.628010281	4.515346086	4.597238622	4.612246407	4.595220458	4.595220458	4.557002488	4.55500847	4.549002446	4.540937886	4.571832221	4.55500847	4.551008464	4.547997925	4.54194952	0.052260327
4.593221632	4.569667035	4.610281755	4.58100152	4.592208973	4.631936144	4.601286192	4.594233266	4.595243877	4.528831004	4.522727222	4.537917387	4.541929429	4.487417219	4.5548585	4.542929929	4.537917387	4.541929429	0.062364284
4.622113185	4.589126686	4.58505336	4.57993826	4.59419512	4.627995555	4.605256068	4.597223896	4.631897999	4.496275098	4.50130276	4.519195882	4.527046756	4.448794559	4.506305272	4.511282883	4.510289341	4.510289341	0.100948798
4.600420116	4.646574601	4.631100405	4.697099846	4.597400486	4.594371711	4.628172145	4.618348883	4.642728443	4.467334631	4.496922588	4.494977062	4.599363394	4.429594303	4.472327153	4.492051658	4.488137759	4.487156886	0.137097526
4.592475678	4.641892847	4.649577803	4.773614502	4.562653416	4.598536302	4.644781631	4.631228664	4.614520659	4.47046397	4.483103905	4.510737869	4.609970626	4.415145695	4.474370225	4.493675844	4.484069622	4.478261281	0.156858439
4.593210641	4.633870679	4.634842025	4.809855388	4.567581355	4.594222275	4.620171835	4.620171835	4.634842025	4.471897388	4.481634564	4.516859529	4.613104725	4.381857056	4.469938524	4.492237073	4.472875384	4.488394609	0.155147326
4.593541677	4.640981402	4.642910043	4.639049035	4.545864254	4.62737575	4.625416886	4.624436013	4.615564589	4.529289826	4.529289826	4.553202969	4.576557604	4.411264748	4.512695985	4.530257412	4.521515249	4.535081348	0.108791623
4.565541306	4.586139357	4.563457972	4.476351795	4.487664133	4.628061663	4.609314197	4.588176017	4.614281917	4.537457116	4.546452679	4.571023939	4.499600933	4.391804363	4.55635375	4.557338486	4.561267764	4.571023939	0.063857039
4.54981784	4.604330049	4.514311151	4.563466346	4.652214136	4.573839883	4.599312477	4.571773766	4.608326059	4.519631948	4.502416333	4.53457991	4.527631991	4.373979195	4.548332582	4.542461724	4.536556195	4.552227427	0.08169058
4.580264307	4.564760121	4.527620574	4.509071215	4.507969286	4.600569573	4.595531779	4.575122908	4.624403869	4.525224186	4.519295315	4.524238479	4.452706461	4.362994986	4.532097066	4.524238479	4.528175492	4.536977505	0.095246541
4.588295158	4.587277347	4.587277347	4.556251073	4.55834971	4.647542493	4.581148625	4.566700489	4.615391648	4.509703002	4.497856861	4.494873269	4.44378964	4.323645328	4.526248391	4.506754597	4.508721166	4.507738365	0.11456007
4.563550718	4.596374177	4.54884457	4.662739989	4.541409592	4.628154409	4.590301284	4.563550718	4.625217549	4.487540117	4.485571613	4.468680998	4.494399527	4.331420933	4.505084427	4.496350747	4.496350747	4.492444492	0.134731922
4.586035143	4.630885709	4.559174024	4.654960054	4.625020589	4.656861195	4.60321596	4.53372196	4.624039716	4.468131253	4.465191516	4.452351833	4.513093394	4.309403906	4.489429251	4.475928564	4.472037508	4.483665546	0.158848201
4.572875905	4.610386638	4.527437555	4.548828745	4.517660182	4.58417546	4.59534876	4.579055121	4.616339036	4.47883528	4.47883528	4.452114245	4.450106212	4.308936244	4.4807865	4.4807865	4.48855353	4.49721993	0.150280343
4.563580592	4.578073599	4.533948794	4.564622801	4.463881231	4.629161322	4.582176169	4.563580592	4.635974001	4.512274885	4.520148942	4.469887107	4.44059631	4.343692504	4.523085801	4.511286254	4.524062841	4.525038927	0.105098481
4.568706623	4.569743429	4.548800255	4.565589737	4.514351208	4.57799941	4.575941796	4.58414697	4.617299178	4.496948792	4.525965335	4.461821213	4.468110542	4.351893678	4.519038043	4.501001482	4.507049888	4.521022171	0.093308177
4.539150856	4.51973277	4.475181973	4.41170591	4.544478519	4.577919462	4.574831451	4.558199051	4.613258828	4.48201273	4.520208327	4.427262215	4.333141803	4.351988062	4.502297401	4.479961447	4.503300913	4.510297443	0.098985237
4.548702873	4.542333425	4.481975008	4.322910314	4.574814017	4.55608298	4.56445123	4.550817039	4.61917613	4.473649679	4.503592036	4.420595116	4.269821917	4.360037266	4.49271699	4.466532211	4.49072694	4.496685249	0.118538306
4.540161546	4.572710351	4.484195214	4.334736295	4.518585736	4.585030835	4.562326041	4.594172595	4.602229033	4.490297398	4.520856701	4.442107654	4.231230993	4.406828742	4.502237838	4.486285357	4.501248229	4.533399074	0.113935644
4.561433797	4.59836107	4.558294077	4.329632183	4.644606398	4.580067877	4.565604815	4.543510281	4.603383682	4.481064072	4.504780599	4.413855322	4.245341739	4.386753393	4.472023327	4.460861365	4.496937421	4.506731819	0.124321612
4.569569979	4.591098232	4.544385017	4.379550475	4.655890271	4.563332953	4.569569979	4.535847079	4.614156898	4.472924003	4.471930461	4.409378038	4.257693451	4.397669549	4.46294388	4.453875808	4.481821739	4.497447057	0.139248767
4.583978954	4.619105495	4.560205224	4.489791739	4.640569734	4.586019771	4.573711923	4.553909296	4.610190132	4.481512577	4.473552336	4.424412461	4.324052828	4.434850969	4.481512577	4.463512091	4.502111638	4.501140293	0.132649754
4.574792473	4.578907705	4.56547081	4.524041625	4.632866847	4.551850904	4.577880483	4.54973897	4.60425118	4.485952828	4.479946804	4.432661531	4.407073781	4.455555351	4.506694312	4.474914081	4.506694312	4.496871051	0.121296855
4.573759295	4.583004353	4.567548095	4.516418748	4.654040126	4.57272677	4.579932154	4.549737252	4.609241983	4.512503886	4.49320415	4.468280742	4.44917188	4.477699964	4.526490128	4.506449377	4.545163889	4.532424863	0.086728004
4.556354404	4.582276021	4.539404846	4.470869745	4.642840433	4.599526576	4.570953204	4.511233969	4.596503904	4.537341455	4.547514482	4.498774924	4.432889411	4.527063872	4.564574605	4.541423093	4.568546805	4.562582573	0.045957585
4.533814072	4.611292146	4.513194785	4.459127564	4.678560536	4.597277902	4.572786882	4.520840917	4.584086437	4.560658079	4.581192681	4.526899599	4.459208761	4.537572059	4.581192681	4.564798872	4.594317554	4.591303991	0.007988011
4.533628229	4.593051649	4.521742621	4.506408257	4.617052801	4.603122228	4.564302236	4.517385316	4.581855603	4.544976174	4.563495222	4.507954495	4.470628538	4.520802638	4.581677541	4.548086597	4.572627706	4.56654866	0.022446189
4.562271512	4.572655821	4.521797404	4.563314809	4.679358411	4.619081918	4.570587568	4.517440099	4.613147183	4.551186983	4.596718367	4.516428349	4.511054881	4.556349617	4.578753812	4.549114443	4.575728092	4.569649045	0.019400586
4.542539388	4.589349806	4.52643598	4.565698317	4.613447357	4.583233579	4.58527648	4.491190041	4.60747719	4.556669407	4.576047882	4.528469105	4.530585508	4.578066046	4.578066046	4.554607551	4.582090196	4.582090196	0.01938097
4.547489025	4.596533804	4.542127082	4.466197766	4.679548747	4.589379966	4.594495067	4.498163958	4.621673388	4.584285603	4.586328504	4.553130435	4.485492883	4.620434117	4.60151867	4.577102401	4.594458631	4.59849904	0.008166563
4.554118902	4.547783083	4.510002011	4.557271821	4.674004987	4.577012721	4.584188559	4.539272393	4.594351249	4.599991907	4.585558667	4.544217327	4.531145245	4.617242462	4.608146896	4.592801327	4.614219789	4.614219789	-0.017848338
4.533881608	4.537098769	4.54456547	4.643636322	4.721381285	4.6023731	4.578006413	4.51106693	4.59229237	4.643253624	4.640181425	4.576668019	4.658474618	4.656458488	4.665499233	4.623635029	4.644275596	4.655448897	-0.060121623
4.526147662	4.551790093	4.508679969	4.680298342	4.682151911	4.568526885	4.569563692	4.490901723	4.569563692	4.642959526	4.636716009	4.588604112	4.688583251	4.677621507	4.665524586	4.62727703	4.655330818	4.656354883	-0.07443264
4.533914817	4.562503317	4.537131977	4.58009301	4.764975388	4.612386432	4.574951611	4.51439142	4.575982008	4.638782838	4.64814328	4.599353116	4.692685056	4.684732728	4.677722183	4.635643118	4.658442033	4.64814328	-0.077323907
4.53383374	4.541324411	4.538120992	4.419000163	4.761478424	4.588183583	4.585127034	4.491040595	4.566588913	4.649864967	4.650901773	4.620389148	4.576714085	4.700431856	4.679504336	4.641531585	4.659157754	4.641531585	-0.081199209
4.513216071	4.506608117	4.553027676	4.378272359	4.658071686	4.559336845	4.569764468	4.477458071	4.562476565	4.697564673	4.698620082	4.670810804	4.549904675	4.741970523	4.758002931	4.693331863	4.711198865	4.688015529	-0.145592407
4.505470787	4.537012281	4.532720429	4.37964444	4.680398595	4.563426918	4.560293756	4.477457751	4.558199514	4.686419544	4.67994703	4.642456421	4.548269206	4.701361124	4.736744628	4.688567773	4.717126033	4.694984907	-0.153699115
4.493204944	4.506538475	4.508743547	4.424930894	4.713211589	4.522959205	4.56962727	4.461384077	4.533758446	4.655762844	4.665445545	4.607026732	4.546189262	4.702233718	4.689772498	4.665445545	4.686632778	4.6792682	-0.128469938
4.487809167	4.50895631	4.546778214	4.492298512	4.642762995	4.537188369	4.559423272	4.453480853	4.562559709	4.642585414	4.654318882	4.607647363	4.576042023	4.664867503	4.679451095	4.649002548	4.664867503	4.668010512	-0.107540668
4.503588248	4.530897427	4.601612952	4.451303613	4.646762917	4.541615644	4.569993796	4.460595201	4.574130306	4.673345557	4.661748168	4.628321876	4.598269531	4.688946497	4.687913973	4.663866813	4.67961517	4.682735297	-0.114816191
4.523992517	4.498730328	4.559158634	4.478504919	4.669115898	4.566461744	4.588056413	4.468236717	4.586019753	4.714390576	4.68568047	4.661661848	4.614141595	4.732053372	4.733082709	4.705969473	4.717530296	4.712291939	-0.156279611
4.517678854	4.500057253	4.568753784	4.487759725	4.739074153	4.555176552	4.612393382	4.470742865	4.56667694	4.70999414	4.704711508	4.680045378	4.615000033	4.692990543	4.731881413	4.70999414	4.711047326	4.715249013	-0.156922852
4.498440279	4.518264717	4.590813599	4.466799221	4.670700264	4.538772721	4.62176964	4.481614307	4.566171695	4.756558423	4.748074809	4.734133564	4.656697248	4.740592144	4.757613832	4.759721314	4.761824365	4.758668128	-0.206102085
4.496557922	4.448603529	4.729243319	4.453270982	4.672915988	4.576857865	4.625059967	4.44273841	4.558165732	4.771188318	4.739715291	4.769049279	4.689987532	4.772256123	4.793376233	4.783927343	4.77011937	4.775452716	-0.232070781
4.492108092	4.489865938	4.701495648	4.428539611	4.72394832	4.575847979	4.630944537	4.447452705	4.558185182	4.77488969	4.773821885	4.781272691	4.680965956	4.784448977	4.790771443	4.790771443	4.779149548	4.77488969	-0.234684897
4.500980368	4.520761232	4.728332586	4.493180885	4.701449247	4.604229889	4.651159321	4.450913028	4.566489561	4.751432516	4.743989632	4.777570962	4.692527813	4.793947991	4.766154128	4.782717654	4.749311625	4.749311625	-0.20383124
4.530136889	4.525817228	4.751554814	4.532289742	4.638295211	4.606858438	4.660295142	4.459834663	4.544048296	4.74961042	4.724399	4.774201823	4.707231197	4.830291289	4.756845593	4.780256332	4.736033188	4.713703711	-0.181413969
4.519421557	4.537790523	4.748436605	4.68210405	4.767337512	4.592984125	4.65295295	4.498484153	4.54631936	4.75969549	4.732582255	4.792086986	4.789094465	4.868752868	4.767892257	4.80101119	4.741003357	4.712293251	-0.182025601
4.512009755	4.532651444	4.731854788	4.647323313	4.688643745	4.629914749	4.660656844	4.48192392	4.535872059	4.76849332	4.71990932	4.801948036	4.807912269	4.901509116	4.795948018	4.814825877	4.752908589	4.744496342	-0.193730391
4.506551109	4.521885473	4.722160833	4.68500205	4.738048193	4.616207022	4.693277959	4.493217578	4.541261752	4.771703024	4.729278847	4.814392433	4.823307797	4.902895235	4.809404892	4.835072638	4.7768817	4.762313284	-0.20413781
4.504340331	4.508755349	4.755408908	4.774164786	4.739797143	4.619169155	4.699666925	4.471734857	4.562358749	4.748647074	4.729477158	4.80104735	4.908208047	4.862201774	4.799043342	4.825764377	4.757050485	4.746535141	-0.196781601
4.502082451	4.545473206	4.738004321	4.752780774	4.724782445	4.640590354	4.695063914	4.492054512	4.543347806	4.745730653	4.764658663	4.795430322	4.924152187	4.836009862	4.801472636	4.840847801	4.75838905	4.744668518	-0.200257448
4.506664392	4.545630361	4.754662068	4.846756685	4.704320313	4.652263951	4.694306574	4.462664063	4.558288758	4.764547154	4.779346579	4.819454782	5.025517805	4.848269493	4.814401715	4.87246032	4.77829671	4.760278204	-0.222106589
4.513207664	4.558231345	4.777594174	4.737228024	4.656966186	4.69241766	4.717758382	4.461452582	4.546633956	4.798590711	4.811356842	4.836410344	5.020448639	4.885691306	4.874837721	4.910886437	4.8102992	4.802864222	-0.261546599
4.51758224	4.525211705	4.703725805	4.654390533	4.72972458	4.661995133	4.726178477	4.479673576	4.548817951	4.832267725	4.858626657	4.857585533	4.952895712	4.868978716	4.898407527	4.93954947	4.84500675	4.841837176	-0.29090058
4.503502657	4.491367925	4.724011161	4.669797344	4.678119168	4.660468919	4.70983909	4.441300586	4.541161761	4.810528919	4.815856582	4.841041544	4.911070148	4.835846727	4.889584946	4.914927433	4.804098028	4.811596724	-0.281050775
4.538093522	4.535952194	4.717737701	4.75888136	4.722196023	4.655995386	4.724861507	4.448648462	4.544490133	4.818388784	4.814173815	4.852500618	4.973890511	4.845361373	4.88941254	4.913603366	4.80035116	4.798207536	-0.263327728
4.557930615	4.521601833	4.737099252	4.901721232	4.691330834	4.690412138	4.741475627	4.466808923	4.55055828	4.834712313	4.837855322	4.875828073	5.095541781	4.876834616	4.90461418	4.936393455	4.824163692	4.816712885	-0.276781698