@lpm0	lpm1	lpm2	lpm3	lpm4	lpm5	lpm6	lpm7	lpm8	lfp0	lfp1	lfp2	lfp3	lfp4	lfp5	lfp6	lfp7	lfp8	llcusd@
4.568836144	4.411671901	4.492797446	3.868643137	4.60042811	4.493879112	4.477529974	4.504631904	4.459791149	4.732107412	4.575038087	4.639416749	4.129789448	4.833854851	4.595291944	4.707769927	4.644201447	4.646585238	-0.249097972
4.583936255	4.398860417	4.489215292	3.878931228	4.580984949	4.496746258	4.487053129	4.483801094	4.465170418	4.75294971	4.669190368	4.692528651	4.157971121	4.830232411	4.626990014	4.733212227	4.636794014	4.67154886	-0.269148616
4.568161686	4.412868802	4.494053714	3.845220842	4.604669102	4.473829501	4.478121353	4.471676648	4.437700777	4.788459184	4.666142862	4.720405721	4.167224585	4.885562015	4.661173908	4.76291643	4.688202581	4.690623889	-0.334174279
4.56541318	4.392644284	4.488060289	3.853481463	4.616020637	4.483818501	4.478490838	4.464504596	4.423592313	4.800191917	4.886835309	4.728119569	4.211742781	4.926523057	4.693112977	4.794657869	4.696791706	4.693112977	-0.354277249
4.547806258	4.3954909	4.463160454	3.862643152	4.5705908	4.492179148	4.477237568	4.449987925	4.410546193	4.764135519	4.614858326	4.715627164	4.212660127	4.913604618	4.657145216	4.768634964	4.672089454	4.663399145	-0.334237555
4.557683425	4.395222908	4.477061271	3.847510295	4.579295268	4.490957807	4.487768011	4.468412568	4.430797514	4.783846724	4.529026316	4.727735842	4.206252923	4.919047101	4.678238714	4.801507227	4.69541705	4.694199765	-0.340724123
4.539239521	4.373014891	4.506246838	3.77898121	4.528020638	4.499937669	4.489333116	4.467780557	4.431170812	4.784892831	4.556115462	4.740083497	4.137857002	4.915329552	4.682026082	4.808214265	4.702975708	4.705411763	-0.348088201
4.532850539	4.381955795	4.521457355	3.783574281	4.550206768	4.484317808	4.4950706	4.466869165	4.420715785	4.751011534	4.697758212	4.727051461	4.085659362	4.885810444	4.635199498	4.777709449	4.674906947	4.65649022	-0.308642482
4.532849217	4.390302763	4.530787361	3.830390019	4.561277527	4.49292795	4.506765318	4.479982785	4.445744212	4.759062925	4.616811699	4.720769958	4.122828579	4.898103973	4.634488927	4.79487793	4.671348136	4.673757776	-0.296605232
4.527201423	4.369447136	4.515831792	3.791002975	4.578289147	4.461360238	4.509575254	4.473362565	4.441403922	4.786833128	4.603408428	4.727792147	4.129423373	4.950233698	4.648723624	4.809722411	4.702924081	4.705319291	-0.329873337
4.5164984	4.351525481	4.507079178	3.795894373	4.608963628	4.49757039	4.494380595	4.467395687	4.434022178	4.78364758	4.641057722	4.712516686	4.13278312	4.908419792	4.658779705	4.788067476	4.687229366	4.699350727	-0.328359911
4.506880635	4.372897537	4.499477111	3.847915964	4.570167055	4.439316818	4.488804651	4.468207717	4.437059481	4.759908226	4.575125543	4.684510209	4.163593682	4.879799528	4.619811032	4.772123814	4.685714303	4.685714303	-0.311612672
4.511307155	4.380931999	4.48244358	3.886379804	4.590295567	4.479184479	4.503903631	4.464937663	4.456068425	4.748067458	4.626778845	4.716210384	4.209230919	4.925149482	4.660343214	4.78651261	4.674906578	4.695181572	-0.297582521
4.507504871	4.372914717	4.502199819	3.892689534	4.602333935	4.487194178	4.495796382	4.485032015	4.474150515	4.755588115	4.635585322	4.721763019	4.210555059	4.935689915	4.648007842	4.777518818	4.685565255	4.705577694	-0.294653651
4.501056591	4.356641363	4.492482048	3.94808888	4.567128088	4.489247543	4.484918532	4.474013299	4.451839441	4.741024761	4.628679931	4.698756904	4.247937961	4.894216208	4.638642654	4.751041539	4.678720878	4.682285944	-0.286945677
4.503553232	4.36020581	4.464332519	4.007574116	4.584581647	4.468767116	4.480861821	4.470977061	4.441859663	4.740660355	4.590914968	4.65545349	4.292923526	4.887213657	4.643361444	4.735126306	4.645791579	4.662639149	-0.269683293
4.506471099	4.364028908	4.432033638	3.985962774	4.581725553	4.487011025	4.484825232	4.479339755	4.442360752	4.734634754	4.618629983	4.640528668	4.252953125	4.878246602	4.601259819	4.719181908	4.625982957	4.642932515	-0.250904212
4.543969083	4.368038642	4.455358233	3.946414077	4.61674658	4.494144258	4.482115682	4.488694653	4.46099205	4.752687044	4.618692224	4.658673321	4.220002627	4.895499558	4.627307662	4.72083372	4.634633702	4.653911407	-0.253122719
4.530999817	4.400160216	4.463802278	3.945098167	4.602784037	4.500129883	4.484879043	4.485976136	4.462680573	4.749279154	4.620295005	4.66795216	4.245032501	4.909540311	4.641348415	4.72365101	4.6462384	4.680993246	-0.266597914
4.526074787	4.397621822	4.425825807	3.989770078	4.575164398	4.490871152	4.464466978	4.487608507	4.461116891	4.742515811	4.667030191	4.663404809	4.265778149	4.913777174	4.673043438	4.711849012	4.633918643	4.675438649	-0.28139892
4.518343895	4.406244571	4.43200712	4.027119879	4.606591694	4.477212556	4.457122595	4.476106973	4.46162204	4.761157767	4.630259789	4.632731979	4.325938398	4.927794158	4.629021399	4.69958264	4.632731979	4.667908437	-0.266420118
4.520884514	4.408279742	4.458261091	4.117015576	4.638312499	4.497176507	4.459394236	4.489513635	4.455990943	4.741807668	4.631679125	4.630452884	4.402697487	4.918441658	4.620588439	4.679535147	4.618107048	4.66185643	-0.251195735
4.525683342	4.420322826	4.444842443	4.109522944	4.599487316	4.497634038	4.45745006	4.484417986	4.459725374	4.758586032	4.635173819	4.630204865	4.398619807	4.901248663	4.63144942	4.690609699	4.585639884	4.675252043	-0.262046685
4.531072065	4.438630109	4.440961112	4.143530473	4.588939448	4.486475225	4.465114098	4.48980671	4.468517391	4.704085179	4.626399073	4.59784344	4.388458705	4.831510767	4.592792924	4.667172107	4.617794226	4.660096606	-0.235567789
4.537175242	4.432996061	4.451710057	4.177456155	4.605032717	4.49923031	4.471217274	4.488119085	4.495909886	4.710981691	4.577762847	4.604891514	4.397439293	4.854447165	4.607321649	4.66851721	4.597565474	4.659342834	-0.201855753
4.565826668	4.468028925	4.487249415	4.16036156	4.668076761	4.493945868	4.488368609	4.497277354	4.512679198	4.695604434	4.55520331	4.60888346	4.330833517	4.841965842	4.558873039	4.638633937	4.564959485	4.6363766	-0.158126121
4.60530632	4.436439655	4.514666492	4.107017977	4.702064202	4.526590752	4.502598326	4.516845142	4.512483085	4.719402073	4.571556262	4.614611196	4.265069875	4.865166034	4.565593215	4.642687155	4.576301229	4.627061837	-0.143405582
4.624238704	4.458253566	4.527555032	4.049310194	4.701562787	4.526474535	4.504615741	4.507925176	4.503510158	4.731547183	4.578068999	4.629656367	4.190674916	4.856591604	4.588601571	4.637447169	4.569799607	4.61615785	-0.136151852
4.627508932	4.441073353	4.548199094	4.077136703	4.717204875	4.514844738	4.518121639	4.511557064	4.507156617	4.748350944	4.61082753	4.643433004	4.220110279	4.858580067	4.625575387	4.650048243	4.575940271	4.609684019	-0.139589477
4.657222643	4.456657661	4.547730547	4.062753376	4.701881226	4.531678838	4.517555843	4.514268169	4.510969651	4.74219503	4.596269434	4.631202563	4.186782487	4.842986153	4.596269434	4.637825104	4.567180705	4.608805211	-0.125754738
4.670045748	4.478391679	4.555692842	4.083774522	4.710905657	4.532035825	4.525485583	4.537461774	4.536378937	4.727676308	4.582769187	4.606220848	4.172206362	4.736435488	4.548283011	4.621555212	4.552950464	4.596237404	-0.08843184
4.670807599	4.5046124	4.55997108	4.116846869	4.703353475	4.558914556	4.548287463	4.542931264	4.549355269	4.724169962	4.621979021	4.624086503	4.190871482	4.783336939	4.576663824	4.624086503	4.531509427	4.593084555	-0.060952532
4.699955055	4.475209123	4.594899464	4.093514234	4.68148731	4.550216707	4.542750005	4.542750005	4.554458495	4.766190789	4.619192993	4.650161832	4.222367248	4.769929111	4.557686747	4.648056568	4.57597297	4.628907047	-0.089374203
4.692812176	4.494698373	4.58898658	4.125099178	4.648527974	4.539736187	4.541882111	4.535430475	4.538661496	4.775163101	4.633224879	4.641901723	4.253567655	4.760883944	4.587534481	4.645136227	4.574912397	4.621169939	-0.107550579
4.687913892	4.528015623	4.584204222	4.112136609	4.663453594	4.531281821	4.534537385	4.528015623	4.54101689	4.783481302	4.678014859	4.647905058	4.264039062	4.829134315	4.606673591	4.658762928	4.57547522	4.635823637	-0.120980542
4.674718938	4.51789425	4.552567279	4.06212184	4.649908505	4.555757074	4.534297023	4.53212547	4.540783532	4.738568625	4.618838169	4.605592942	4.169668626	4.826957133	4.577422065	4.617741076	4.542534806	4.605592942	-0.095446379
4.680887462	4.536056514	4.552159922	4.002610444	4.684625784	4.564858505	4.546820881	4.519689537	4.556410725	4.729439377	4.597142299	4.609131543	4.071217879	4.797214729	4.563694364	4.603699699	4.529088835	4.602609781	-0.074157866
4.69047969	4.521061538	4.558801866	3.963366981	4.683965009	4.542801525	4.540648672	4.516656245	4.564078924	4.739663302	4.606539601	4.614119497	4.032141174	4.805034018	4.576752512	4.611959669	4.541421202	4.615197664	-0.074548992
4.692098521	4.534537514	4.552847126	3.910673018	4.70593	4.552847126	4.550710373	4.534537514	4.565572643	4.738724891	4.610330728	4.589621541	3.964585786	4.800353585	4.578547231	4.598393527	4.52713671	4.609251397	-0.068213318
4.687741382	4.550074168	4.529544004	3.89367653	4.696094098	4.572285552	4.549004077	4.529544004	4.540401874	4.732502635	4.629381046	4.589180086	3.954176299	4.80117525	4.569022629	4.606762957	4.532152093	4.589180086	-0.075037928
4.669449239	4.561882956	4.542774095	3.900813021	4.694625394	4.550248769	4.547052176	4.527655016	4.531998128	4.729451974	4.645729635	4.62854339	3.989178279	4.818420299	4.591011391	4.619838221	4.53669417	4.587631107	-0.096545262
4.659537786	4.545214342	4.524639713	3.816056724	4.701659127	4.537683376	4.531182812	4.525733207	4.529006532	4.706745283	4.628111201	4.590826181	3.905469802	4.800697689	4.57278736	4.591942875	4.536883098	4.585223925	-0.087193321
4.636381144	4.507034441	4.524694945	3.777602101	4.720779848	4.572755448	4.539896106	4.52140727	4.555930656	4.701200595	4.610466172	4.568096401	3.840183262	4.80795595	4.546218729	4.586155582	4.527416765	4.592844571	-0.083585434
4.623223217	4.552460747	4.523348179	3.773943196	4.724814261	4.561979592	4.524441673	4.517862701	4.551397483	4.682720208	4.608690646	4.572932646	3.836780582	4.855482115	4.561490874	4.578604811	4.516777543	4.592088161	-0.088630141
4.621583446	4.530517461	4.498594002	3.782821422	4.766792188	4.531600299	4.522904592	4.527261897	4.541293428	4.714955852	4.645371877	4.598851861	3.913801891	4.90380552	4.658587928	4.616123448	4.560977512	4.636463132	-0.13786913
4.577944439	4.541271916	4.436741129	3.748322089	4.728561546	4.492054767	4.516419206	4.504311188	4.515324515	4.712923941	4.672459153	4.597148535	3.938303949	4.902720172	4.620930868	4.63377401	4.580157835	4.647599115	-0.175930106
4.568259087	4.520352109	4.423077077	3.675595546	4.685811096	4.529038374	4.50496719	4.493831217	4.503859156	4.665280514	4.608895795	4.51277322	3.820902364	4.849062992	4.569860679	4.586607482	4.542964193	4.606572914	-0.150395888
4.58597605	4.496363891	4.418643633	3.614625541	4.702397615	4.49747934	4.496363891	4.491889611	4.522797148	4.683859936	4.60966862	4.518085442	3.750633536	4.875527355	4.580063142	4.586054772	4.553264949	4.629311077	-0.157807224
4.573679867	4.594109587	4.395683309	3.608211899	4.714024939	4.519612646	4.487512491	4.492001836	4.522875291	4.689190368	4.634352068	4.513463878	3.784043291	4.893154364	4.602276008	4.564311781	4.575135699	4.633224037	-0.149091831
4.566577624	4.565537582	4.384671781	3.619141593	4.712377524	4.524108397	4.486534916	4.509908267	4.529516739	4.65090284	4.609366814	4.487249623	3.754225777	4.853712573	4.569520906	4.528021175	4.543637108	4.595883464	-0.113863228
4.563363007	4.552880731	4.405556016	3.688936479	4.729213191	4.503194486	4.484188883	4.522931968	4.508716311	4.62364362	4.598764024	4.469136752	3.775989571	4.836477802	4.55625203	4.504657939	4.524908779	4.574372571	-0.084556212
4.56441841	4.56441841	4.40189948	3.815582324	4.743261702	4.515315697	4.485330108	4.53481794	4.519682516	4.615611799	4.603890833	4.453840346	3.907523038	4.803391596	4.522418022	4.501265647	4.528215139	4.55783006	-0.068000507
4.575877512	4.570714878	4.450988962	3.877567697	4.75802741	4.514286924	4.489895471	4.542366523	4.537027482	4.611630396	4.605274442	4.463970397	3.976931422	4.796237266	4.523370279	4.510601679	4.540523359	4.555155021	-0.060780259
4.576803296	4.565421901	4.456702763	3.887762898	4.726535056	4.498730526	4.49761756	4.557062396	4.529401058	4.581417752	4.584600779	4.452279308	3.961011282	4.722887795	4.507554988	4.484405807	4.51439652	4.530180388	-0.037027121
4.568864961	4.536178867	4.450044043	4.031053295	4.73918533	4.522147337	4.507916117	4.56053158	4.565748076	4.585374391	4.573690775	4.470227793	4.093377776	4.761162862	4.508582291	4.507441389	4.519920281	4.562949533	-0.034301632
4.559231853	4.592190552	4.457935204	4.125625785	4.738932177	4.544463652	4.513160503	4.555034575	4.54870544	4.604023922	4.610373149	4.501254997	4.206489069	4.752700135	4.522210362	4.531384738	4.556188715	4.580392317	-0.058498134
4.560276667	4.578930058	4.435671249	4.201806928	4.6328892	4.551873256	4.520804877	4.548703682	4.546585037	4.590028368	4.587893895	4.468908214	4.263949692	4.669907047	4.523925013	4.531866064	4.534123401	4.571738455	-0.048759665
4.559097447	4.599123313	4.471609993	4.215057379	4.658682152	4.530417839	4.522846143	4.545391381	4.531494845	4.616849875	4.613670222	4.513251474	4.319598351	4.739207967	4.562488666	4.55913108	4.55463669	4.583495519	-0.068278841
4.555479963	4.574211	4.475699826	4.276166141	4.651553793	4.521288599	4.525627	4.523460152	4.542794804	4.561552793	4.533073322	4.477090687	4.320979607	4.643421379	4.536401112	4.519650302	4.503758934	4.533073322	-0.03376363
4.577833363	4.559160621	4.487546516	4.352889631	4.68401574	4.54226476	4.533708558	4.539064757	4.550748374	4.562723183	4.556373956	4.483734772	4.386710796	4.671558667	4.504074456	4.517407987	4.522911578	4.540322247	-0.0109194
4.592328204	4.563549239	4.515488736	4.397158504	4.687914665	4.557273068	4.553066963	4.574954236	4.579069468	4.589343466	4.594479584	4.531033362	4.422757392	4.676097343	4.563259566	4.563259566	4.586249085	4.587281609	-0.013358833
4.590159802	4.562365939	4.545523436	4.472884252	4.689614589	4.600260898	4.564451446	4.55292696	4.585070733	4.560056181	4.564162963	4.519105577	4.467417327	4.658914119	4.557996448	4.541364048	4.552828478	4.559026845	0.016817785
4.592118698	4.580911245	4.557063562	4.493154434	4.702330648	4.572680746	4.580911245	4.593131356	4.593131356	4.553748727	4.530121537	4.518621149	4.48765231	4.640252361	4.554763441	4.538403158	4.548659658	4.54251839	0.036341572
4.603488201	4.599472132	4.583244595	4.431136817	4.670341176	4.579146229	4.579146229	4.585287497	4.579146229	4.547656659	4.53554753	4.52534336	4.395176265	4.597544753	4.543636553	4.52534336	4.536562243	4.521232357	0.054829036
4.61530894	4.598333995	4.599340537	4.521977001	4.65795106	4.645540399	4.600346068	4.588212451	4.598333995	4.518347233	4.489272503	4.509414171	4.433847969	4.557111776	4.527201201	4.508416664	4.50140612	4.49434608	0.098939948
4.620159406	4.604270293	4.593198212	4.603268791	4.651199726	4.604270293	4.600258252	4.608266303	4.601262772	4.557002488	4.55500847	4.549002446	4.540937886	4.571832221	4.55500847	4.551008464	4.547997925	4.54194952	0.052260327
4.610281755	4.592208973	4.611276285	4.601286192	4.58100152	4.599276141	4.608289722	4.606293713	4.600281671	4.528831004	4.522727222	4.537917387	4.541929429	4.487417219	4.5548585	4.542929929	4.537917387	4.541929429	0.062364284
4.59419512	4.610243609	4.621129417	4.652139654	4.545506063	4.602251559	4.614215809	4.621129417	4.601248046	4.496275098	4.50130276	4.519195882	4.527046756	4.448794559	4.506305272	4.511282883	4.510289341	4.510289341	0.100948798
4.602428149	4.617361229	4.636931325	4.729418638	4.548862306	4.625235285	4.62719415	4.633047825	4.612408272	4.467334631	4.496922588	4.494977062	4.599363394	4.429594303	4.472327153	4.492051658	4.488137759	4.487156886	0.137097526
4.616500857	4.669474243	4.669474243	4.759997271	4.4968615	4.618477143	4.639962344	4.640928061	4.623400835	4.47046397	4.483103905	4.510737869	4.609970626	4.415145695	4.474370225	4.493675844	4.484069622	4.478261281	0.156858439
4.610270764	4.638717999	4.673876014	4.786771099	4.513167934	4.641615152	4.649300108	4.617211793	4.635812428	4.471897388	4.481634564	4.516859529	4.613104725	4.381857056	4.469938524	4.492237073	4.472875384	4.488394609	0.155147326
4.614574	4.608609768	4.647715435	4.708170847	4.506898286	4.61159633	4.637112926	4.633229426	4.647715435	4.529289826	4.529289826	4.553202969	4.576557604	4.411264748	4.512695985	4.530257412	4.521515249	4.535081348	0.108791623
4.602317667	4.630014789	4.66170251	4.64068932	4.436903524	4.613290346	4.642617961	4.643580888	4.657914626	4.537457116	4.546452679	4.571023939	4.499600933	4.391804363	4.55635375	4.557338486	4.561267764	4.571023939	0.063857039
4.59224531	4.609322571	4.622187667	4.665484473	4.456830541	4.654120714	4.63779774	4.629047076	4.652214136	4.519631948	4.502416333	4.53457991	4.527631991	4.373979195	4.548332582	4.542461724	4.536556195	4.552227427	0.08169058
4.597549944	4.613550285	4.623422033	4.611564187	4.444238965	4.635140917	4.630274728	4.627343607	4.645763905	4.525224186	4.519295315	4.524238479	4.452706461	4.362994986	4.532097066	4.524238479	4.528175492	4.536977505	0.095246541
4.591342393	4.604440817	4.610428859	4.638876093	4.409426433	4.628180804	4.634028774	4.615391648	4.63500012	4.509703002	4.497856861	4.494873269	4.44378964	4.323645328	4.526248391	4.506754597	4.508721166	4.507738365	0.11456007
4.598390307	4.640782066	4.608410431	4.695255626	4.417879798	4.642710707	4.642710707	4.629131449	4.637882112	4.487540117	4.485571613	4.468680998	4.494399527	4.331420933	4.505084427	4.496350747	4.496350747	4.492444492	0.134731922
4.59919989	4.629910575	4.619120867	4.732731282	4.415267378	4.62305788	4.644438675	4.640585106	4.648277452	4.468131253	4.465191516	4.452351833	4.513093394	4.309403906	4.489429251	4.475928564	4.472037508	4.483665546	0.158848201
4.607397099	4.629115623	4.596358352	4.662724163	4.379752415	4.586216277	4.634957899	4.626181636	4.656092211	4.47883528	4.47883528	4.452114245	4.450106212	4.308936244	4.4807865	4.4807865	4.48855353	4.49721993	0.150280343
4.591345871	4.600432254	4.568780811	4.600432254	4.387288786	4.613412965	4.633059963	4.636943463	4.635974001	4.512274885	4.520148942	4.469887107	4.44059631	4.343692504	4.523085801	4.511286254	4.524062841	4.525038927	0.105098481
4.581077914	4.609362628	4.557230232	4.595320271	4.400803441	4.621243956	4.615320938	4.59430966	4.622227724	4.496948792	4.525965335	4.461821213	4.468110542	4.351893678	4.519038043	4.501001482	4.507049888	4.521022171	0.093308177
4.572767467	4.634849461	4.529488945	4.505470324	4.394569627	4.580997966	4.604290158	4.607288661	4.608286168	4.48201273	4.520208327	4.427262215	4.333141803	4.351988062	4.502297401	4.479961447	4.503300913	4.510297443	0.098985237
4.565492355	4.636771892	4.529471511	4.457932637	4.398249055	4.613241394	4.609265246	4.609265246	4.617201795	4.473649679	4.503592036	4.420595116	4.269821917	4.360037266	4.49271699	4.466532211	4.49072694	4.496685249	0.118538306
4.604233042	4.617162113	4.565452672	4.401892618	4.484195214	4.621106892	4.637700733	4.616173482	4.673826334	4.490297398	4.520856701	4.442107654	4.231230993	4.406828742	4.502237838	4.486285357	4.501248229	4.533399074	0.113935644
4.578014488	4.641717614	4.523090442	4.4032695	4.478688032	4.631053431	4.61830191	4.622242802	4.655127776	4.481064072	4.504780599	4.413855322	4.245341739	4.386753393	4.472023327	4.460861365	4.496937421	4.506731819	0.124321612
4.561245269	4.631839088	4.553903862	4.446201425	4.43084377	4.598172542	4.620085769	4.621070506	4.654939249	4.472924003	4.471930461	4.409378038	4.257693451	4.397669549	4.46294388	4.453875808	4.481821739	4.497447057	0.139248767
4.566461762	4.638637366	4.559158652	4.496503173	4.45902008	4.600190048	4.617131161	4.632817757	4.651131522	4.481512577	4.473552336	4.424412461	4.324052828	4.434850969	4.481512577	4.463512091	4.502111638	4.501140293	0.132649754
4.567549813	4.627991167	4.553958386	4.536972839	4.496552263	4.61619162	4.619154585	4.629944293	4.630919427	4.485952828	4.479946804	4.432661531	4.407073781	4.455555351	4.506694312	4.474914081	4.506694312	4.496871051	0.121296855
4.562342461	4.644470675	4.546560965	4.543374558	4.472860774	4.629942574	4.617178533	4.654992054	4.637717152	4.512503886	4.49320415	4.468280742	4.44917188	4.477699964	4.526490128	4.506449377	4.545163889	4.532424863	0.086728004
4.55950071	4.613512818	4.545794644	4.50793182	4.530821102	4.617473219	4.61053219	4.623384567	4.623384567	4.537341455	4.547514482	4.498774924	4.432889411	4.527063872	4.564574605	4.541423093	4.568546805	4.562582573	0.045957585
4.54556007	4.618226299	4.538101324	4.482011858	4.478612421	4.589180692	4.603308071	4.608305583	4.614269815	4.560658079	4.581192681	4.526899599	4.459208761	4.537572059	4.581192681	4.564798872	4.594317554	4.591303991	0.007988011
4.545374226	4.632739397	4.546435234	4.540052234	4.491955532	4.63759142	4.600111688	4.610111772	4.603122228	4.544976174	4.563495222	4.507954495	4.470628538	4.520802638	4.581677541	4.548086597	4.572627706	4.56654866	0.022446189
4.528297969	4.590065375	4.539039211	4.523968958	4.515254306	4.612154627	4.593106432	4.609171034	4.594118066	4.551186983	4.596718367	4.516428349	4.511054881	4.556349617	4.578753812	4.549114443	4.575728092	4.569649045	0.019400586
4.530755641	4.618395413	4.553132707	4.549966478	4.536129109	4.596438443	4.598454573	4.619382093	4.602474678	4.556669407	4.576047882	4.528469105	4.530585508	4.578066046	4.578066046	4.554607551	4.582090196	4.582090196	0.01938097
4.548557972	4.581140991	4.564456558	4.517084946	4.557068662	4.638414301	4.60565703	4.615697275	4.611693265	4.584285603	4.586328504	4.553130435	4.485492883	4.620434117	4.60151867	4.577102401	4.594458631	4.59849904	0.008166563
4.532841503	4.616352136	4.527450654	4.529610482	4.545662192	4.601404175	4.603410193	4.600399654	4.602407687	4.599991907	4.585558667	4.544217327	4.531145245	4.617242462	4.608146896	4.592801327	4.614219789	4.614219789	-0.017848338
4.53816886	4.595327274	4.516546396	4.608373118	4.537098769	4.597345438	4.596336865	4.596336865	4.597345438	4.643253624	4.640181425	4.576668019	4.658474618	4.656458488	4.665499233	4.623635029	4.644275596	4.655448897	-0.060121623
4.523980814	4.566450042	4.519632981	4.624012624	4.558099262	4.59210563	4.580898177	4.600178328	4.602186361	4.642959526	4.636716009	4.588604112	4.688583251	4.677621507	4.665524586	4.62727703	4.655330818	4.656354883	-0.07443264
4.524200763	4.591311894	4.526367611	4.618327043	4.556220574	4.59029718	4.594349871	4.604410318	4.583165209	4.638782838	4.64814328	4.599353116	4.692685056	4.684732728	4.677722183	4.635643118	4.658442033	4.64814328	-0.077323907
4.528448697	4.578985766	4.537050901	4.569702564	4.560332376	4.582061115	4.588183583	4.59325716	4.570738297	4.649864967	4.650901773	4.620389148	4.576714085	4.700431856	4.679504336	4.641531585	4.659157754	4.641531585	-0.081199209
4.514313164	4.602420431	4.526302408	4.477458071	4.555135158	4.605427952	4.581110645	4.565606458	4.554081972	4.697564673	4.698620082	4.670810804	4.549904675	4.741970523	4.758002931	4.693331863	4.711198865	4.688015529	-0.145592407
4.51207874	4.565510252	4.508780222	4.452139943	4.508780222	4.561339234	4.574831915	4.568627138	4.552944642	4.686419544	4.67994703	4.642456421	4.548269206	4.701361124	4.736744628	4.688567773	4.717126033	4.694984907	-0.153699115
4.505434112	4.575825637	4.487596404	4.452103268	4.497669237	4.568590463	4.578910472	4.566513619	4.559210509	4.655762844	4.665445545	4.607026732	4.546189262	4.702233718	4.689772498	4.665445545	4.686632778	4.6792682	-0.128469938
4.507854381	4.559423272	4.50895631	4.494535649	4.50895631	4.593394629	4.579123235	4.571910427	4.566726382	4.642585414	4.654318882	4.607647363	4.576042023	4.664867503	4.679451095	4.649002548	4.664867503	4.668010512	-0.107540668
4.521151817	4.566880145	4.51678976	4.51678976	4.501370952	4.564798979	4.575161766	4.583375365	4.566880145	4.673345557	4.661748168	4.628321876	4.598269531	4.688946497	4.687913973	4.663866813	4.67961517	4.682735297	-0.114816191
4.526159365	4.557062197	4.515277865	4.494271011	4.536923731	4.581933945	4.579884764	4.575773761	4.561250685	4.714390576	4.68568047	4.661661848	4.614141595	4.732053372	4.733082709	4.705969473	4.717530296	4.712291939	-0.156279611
4.520948612	4.549905059	4.539277966	4.494486208	4.487759725	4.56667694	4.584194132	4.56667694	4.554124474	4.70999414	4.704711508	4.680045378	4.615000033	4.692990543	4.731881413	4.70999414	4.711047326	4.715249013	-0.156922852
4.520443367	4.513893125	4.526950982	4.482744889	4.467946668	4.573421856	4.587766364	4.558868585	4.551511747	4.756558423	4.748074809	4.734133564	4.656697248	4.740592144	4.757613832	4.759721314	4.761824365	4.758668128	-0.206102085
4.506541366	4.492088641	4.540185343	4.479694116	4.477423968	4.536978499	4.591158415	4.551856563	4.563393135	4.771188318	4.739715291	4.769049279	4.689987532	4.772256123	4.793376233	4.783927343	4.77011937	4.775452716	-0.232070781
4.492108092	4.503244064	4.563412586	4.478579137	4.455616015	4.574817582	4.587112819	4.556086546	4.559232851	4.77488969	4.773821885	4.781272691	4.680965956	4.784448977	4.790771443	4.790771443	4.779149548	4.77488969	-0.234684897
4.508719488	4.50208963	4.593157808	4.490941242	4.483062755	4.572707197	4.600217847	4.566489561	4.560233023	4.751432516	4.743989632	4.777570962	4.692527813	4.793947991	4.766154128	4.782717654	4.749311625	4.749311625	-0.20383124
4.517121521	4.507247606	4.568196451	4.531213895	4.579542627	4.565079565	4.611836049	4.579542627	4.555670191	4.74961042	4.724399	4.774201823	4.707231197	4.830291289	4.756845593	4.780256332	4.736033188	4.713703711	-0.181413969
4.528107823	4.528107823	4.598037192	4.576640553	4.579725389	4.616019695	4.634656821	4.579725389	4.553722884	4.75969549	4.732582255	4.792086986	4.789094465	4.868752868	4.767892257	4.80101119	4.741003357	4.712293251	-0.182025601
4.525096092	4.507609308	4.609214158	4.634780939	4.649239022	4.57373147	4.632837304	4.587058166	4.561270249	4.76849332	4.71990932	4.801948036	4.807912269	4.901509116	4.795948018	4.814825877	4.752908589	4.744496342	-0.193730391
4.531620541	4.519709193	4.644487795	4.618183307	4.660701788	4.587103111	4.645448871	4.583021473	4.557126706	4.771703024	4.729278847	4.814392433	4.823307797	4.902895235	4.809404892	4.835072638	4.7768817	4.762313284	-0.20413781
4.522971007	4.516435036	4.609258271	4.677586911	4.669179575	4.632881417	4.642562034	4.588120091	4.548695898	4.748647074	4.729477158	4.80104735	4.908208047	4.862201774	4.799043342	4.825764377	4.757050485	4.746535141	-0.196781601
4.512010828	4.507610381	4.603221207	4.726555495	4.670074182	4.600210668	4.659711395	4.583999573	4.548652858	4.745730653	4.764658663	4.795430322	4.924152187	4.836009862	4.801472636	4.840847801	4.75838905	4.744668518	-0.200257448
4.508869465	4.520911208	4.627141857	4.777651586	4.608375874	4.590266727	4.674906428	4.584156729	4.544568226	4.764547154	4.779346579	4.819454782	5.025517805	4.848269493	4.814401715	4.87246032	4.77829671	4.760278204	-0.222106589
4.518675146	4.496623536	4.596282208	4.79180252	4.672981601	4.649339838	4.668297752	4.587158982	4.540250956	4.798590711	4.811356842	4.836410344	5.020448639	4.885691306	4.874837721	4.910886437	4.8102992	4.802864222	-0.261546599
4.52846374	4.529545406	4.582189139	4.707352282	4.57601628	4.588324128	4.663887281	4.585261339	4.550936596	4.832267725	4.858626657	4.857585533	4.952895712	4.868978716	4.898407527	4.93954947	4.84500675	4.841837176	-0.29090058
4.515491902	4.473450312	4.546427702	4.63098509	4.53054595	4.606557886	4.653886854	4.55062058	4.546427702	4.810528919	4.815856582	4.841041544	4.911070148	4.835846727	4.889584946	4.914927433	4.804098028	4.811596724	-0.281050775
4.531655732	4.487644228	4.578958297	4.713259413	4.542362472	4.642598057	4.660736979	4.575873461	4.547673159	4.818388784	4.814173815	4.852500618	4.973890511	4.845361373	4.88941254	4.913603366	4.80035116	4.798207536	-0.263327728
4.53886224	4.512858608	4.601058448	4.797517454	4.54313119	4.619973895	4.677460986	4.576642179	4.546320985	4.834712313	4.837855322	4.875828073	5.095541781	4.876834616	4.90461418	4.936393455	4.824163692	4.816712885	-0.276781698