@lpm0	lpm1	lpm2	lpm3	lpm4	lpm5	lpm6	lpm7	lpm8	lfp0	lfp1	lfp2	lfp3	lfp4	lfp5	lfp6	lfp7	lfp8	llcusd@
4.505018094	4.343006621	4.445770759	3.957078836	4.616496006	4.423136048	4.384955376	4.382790873	4.344133382	4.732107412	4.575038087	4.639416749	4.129789448	4.833854851	4.595291944	4.707769927	4.644201447	4.646585238	-0.358021708
4.50678394	4.353274081	4.474538841	3.851377088	4.634771146	4.468562728	4.397140763	4.389601686	4.35886381	4.75294971	4.669190368	4.692528651	4.157971121	4.830232411	4.626990014	4.733212227	4.636794014	4.67154886	-0.367681725
4.529909895	4.377822544	4.481072065	3.833898751	4.648434103	4.458803939	4.40086251	4.392147858	4.357642487	4.788459184	4.666142862	4.720405721	4.167224585	4.885562015	4.661173908	4.76291643	4.688202581	4.690623889	-0.398501908
4.531336437	4.364715571	4.415220266	3.933586095	4.55302517	4.469400183	4.41842711	4.43009833	4.337316597	4.800191917	4.886835309	4.728119569	4.211742781	4.926523057	4.693112977	4.794657869	4.696791706	4.693112977	-0.415408783
4.516860627	4.338400079	4.511041018	3.878289548	4.630983415	4.481423848	4.411929849	4.400044242	4.337243341	4.764135519	4.614858326	4.715627164	4.212660127	4.913604618	4.657145216	4.768634964	4.672089454	4.663399145	-0.400619965
4.522866534	4.349335403	4.430431296	3.935271789	4.539993499	4.485716612	4.43881709	4.409153898	4.353891219	4.783846724	4.529026316	4.727735842	4.206252923	4.919047101	4.678238714	4.801507227	4.69541705	4.694199765	-0.409707344
4.485393599	4.342215598	4.464105416	3.885091632	4.67819168	4.479357363	4.437104814	4.422258306	4.377466547	4.784892831	4.556115462	4.740083497	4.137857002	4.915329552	4.682026082	4.808214265	4.702975708	4.705411763	-0.413028539
4.500594024	4.38355036	4.503548236	3.825042605	4.705023113	4.481678577	4.442739231	4.421619122	4.402221962	4.751011534	4.697758212	4.727051461	4.085659362	4.885810444	4.635199498	4.777709449	4.674906947	4.65649022	-0.384230712
4.50307074	4.409932113	4.490141668	3.874956029	4.615128149	4.458618977	4.440900952	4.423933419	4.422863328	4.759062925	4.616811699	4.720769958	4.122828579	4.898103973	4.634488927	4.79487793	4.671348136	4.673757776	-0.367741091
4.511417782	4.393758624	4.475086844	3.915471056	4.682276467	4.470967373	4.460593836	4.435249291	4.402637705	4.786833128	4.603408428	4.727792147	4.129423373	4.950233698	4.648723624	4.809722411	4.702924081	4.705319291	-0.381987917
4.521896414	4.402507945	4.503967647	3.960798779	4.70946905	4.460839814	4.455579412	4.467115985	4.41136736	4.78364758	4.641057722	4.712516686	4.13278312	4.908419792	4.658779705	4.788067476	4.687229366	4.699350727	-0.376700116
4.534406785	4.431541254	4.535383825	3.919270021	4.765534022	4.44231722	4.478110515	4.485323323	4.391757002	4.759908226	4.575125543	4.684510209	4.163593682	4.879799528	4.619811032	4.772123814	4.685714303	4.685714303	-0.359172489
4.552972334	4.55489172	4.514788547	3.980060085	4.769755644	4.46149725	4.478199099	4.47196855	4.397379693	4.748067458	4.626778845	4.716210384	4.209230919	4.925149482	4.660343214	4.78651261	4.674906578	4.695181572	-0.348445612
4.571738678	4.52119342	4.559339855	3.938379416	4.712941988	4.465851431	4.466904617	4.456322508	4.427178513	4.755588115	4.635585322	4.721763019	4.210555059	4.935689915	4.648007842	4.777518818	4.685565255	4.705577694	-0.340530962
4.568341942	4.407097357	4.512125591	3.967845251	4.648892025	4.454673897	4.450441086	4.467265878	4.431168541	4.741024761	4.628679931	4.698756904	4.247937961	4.894216208	4.638642654	4.751041539	4.678720878	4.682285944	-0.343944182
4.544171365	4.529768812	4.500326057	4.119456384	4.70578426	4.473065409	4.430194233	4.458632168	4.403121654	4.740660355	4.590914968	4.65545349	4.292923526	4.887213657	4.643361444	4.735126306	4.645791579	4.662639149	-0.343042292
4.546654026	4.47327148	4.490383121	3.955654659	4.665694133	4.441293511	4.433928932	4.454828335	4.396269829	4.734634754	4.618629983	4.640528668	4.252953125	4.878246602	4.601259819	4.719181908	4.625982957	4.642932515	-0.337269034
4.528581991	4.474408233	4.456021607	3.862859697	4.603374566	4.44565882	4.410679101	4.466278107	4.397649601	4.752687044	4.618692224	4.658673321	4.220002627	4.895499558	4.627307662	4.72083372	4.634633702	4.653911407	-0.344167771
4.49469768	4.461478722	4.415397271	4.087250411	4.649413971	4.426058353	4.42180755	4.430291164	4.418607547	4.749279154	4.620295005	4.66795216	4.245032501	4.909540311	4.641348415	4.72365101	4.6462384	4.680993246	-0.359941989
4.504678598	4.429963553	4.460316485	3.850220962	4.604104378	4.420353228	4.397563311	4.466483	4.434205341	4.742515811	4.667030191	4.663404809	4.265778149	4.913777174	4.673043438	4.711849012	4.633918643	4.675438649	-0.363789622
4.509161185	4.47217546	4.443247824	3.966090787	4.63703381	4.427399631	4.417768738	4.461939957	4.450558561	4.761157767	4.630259789	4.632731979	4.325938398	4.927794158	4.629021399	4.69958264	4.632731979	4.667908437	-0.353113579
4.523380594	4.489147423	4.431813401	3.95313155	4.602831411	4.426530768	4.410513341	4.446458014	4.451636689	4.741807668	4.631679125	4.630452884	4.402697487	4.918441658	4.620588439	4.679535147	4.618107048	4.66185643	-0.350860168
4.466778044	4.406537964	4.461636645	4.248749594	4.552249775	4.414134311	4.393379879	4.445004245	4.418449312	4.758586032	4.635173819	4.630204865	4.398619807	4.901248663	4.63144942	4.690609699	4.585639884	4.675252043	-0.357509578
4.502961837	4.471566854	4.481802358	3.992468495	4.731871385	4.435960999	4.40894693	4.466409545	4.445510143	4.704085179	4.626399073	4.59784344	4.388458705	4.831510767	4.592792924	4.667172107	4.617794226	4.660096606	-0.328548929
4.516216924	4.492382628	4.492382628	4.098409028	4.647537828	4.429116329	4.418351962	4.47821235	4.451351231	4.710981691	4.577762847	4.604891514	4.397439293	4.854447165	4.607321649	4.66851721	4.597565474	4.659342834	-0.303511228
4.506426962	4.519228713	4.512355833	4.004808901	4.641567565	4.432395224	4.421665507	4.458726392	4.437717216	4.695604434	4.55520331	4.60888346	4.330833517	4.841965842	4.558873039	4.638633937	4.564959485	4.6363766	-0.261077013
4.509262254	4.523042	4.482138542	4.009279517	4.6530236	4.440552509	4.441613517	4.469843306	4.457395012	4.719402073	4.571556262	4.614611196	4.265069875	4.865166034	4.565593215	4.642687155	4.576301229	4.627061837	-0.244417368
4.509419404	4.52527702	4.487196267	4.027153082	4.556257233	4.470718036	4.431538859	4.460279528	4.443347907	4.731547183	4.578068999	4.629656367	4.190674916	4.856591604	4.588601571	4.637447169	4.569799607	4.61615785	-0.232168025
4.53395176	4.518094143	4.448815802	4.032586327	4.64019684	4.470003035	4.447744565	4.448815802	4.443448103	4.748350944	4.61082753	4.643433004	4.220110279	4.858580067	4.625575387	4.650048243	4.575940271	4.609684019	-0.22726428
4.519029716	4.49994325	4.488724366	4.001548493	4.666763261	4.486670978	4.459585989	4.484613364	4.451102375	4.74219503	4.596269434	4.631202563	4.186782487	4.842986153	4.596269434	4.637825104	4.567180705	4.608805211	-0.219193115
4.515052551	4.522996982	4.464965434	4.096541598	4.522996982	4.468105154	4.446985045	4.489811433	4.475393058	4.727676308	4.582769187	4.606220848	4.172206362	4.736435488	4.548283011	4.621555212	4.552950464	4.596237404	-0.192879779
4.518244878	4.492112738	4.462136333	4.020886365	4.61823385	4.474649531	4.460035492	4.488031099	4.476719925	4.724169962	4.621979021	4.624086503	4.190871482	4.783336939	4.576663824	4.624086503	4.531509427	4.593084555	-0.165103089
4.529624868	4.525687855	4.478228167	4.041781321	4.660204955	4.457328765	4.434903906	4.476157773	4.486467142	4.766190789	4.619192993	4.650161832	4.222367248	4.769929111	4.557686747	4.648056568	4.57597297	4.628907047	-0.188618098
4.543648992	4.521132133	4.494035643	4.174309485	4.66476089	4.482782328	4.463041427	4.473479935	4.475554624	4.775163101	4.633224879	4.641901723	4.253567655	4.760883944	4.587534481	4.645136227	4.574912397	4.621169939	-0.207600966
4.526148295	4.524177851	4.492110976	4.169192097	4.632492579	4.477751755	4.468410742	4.467367445	4.455818761	4.783481302	4.678014859	4.647905058	4.264039062	4.829134315	4.606673591	4.658762928	4.57547522	4.635823637	-0.225369026
4.539859926	4.513217995	4.516213504	4.111246776	4.682116531	4.477590817	4.455588882	4.458761809	4.447078192	4.738568625	4.618838169	4.605592942	4.169668626	4.826957133	4.577422065	4.617741076	4.542534806	4.605592942	-0.197735463
4.542255418	4.505490225	4.50751247	4.08677989	4.718051667	4.488133995	4.490191609	4.506501859	4.454623006	4.729439377	4.597142299	4.609131543	4.071217879	4.797214729	4.563694364	4.603699699	4.529088835	4.602609781	-0.171694782
4.53247024	4.49226382	4.530497853	4.162334236	4.695727813	4.475717423	4.484024844	4.482990183	4.474674127	4.739663302	4.606539601	4.614119497	4.032141174	4.805034018	4.576752512	4.611959669	4.541421202	4.615197664	-0.172339583
4.556491899	4.52530434	4.526359749	4.159689265	4.756231669	4.518948386	4.53476316	4.562614367	4.521071529	4.738724891	4.610330728	4.589621541	3.964585786	4.800353585	4.578547231	4.598393527	4.52713671	4.609251397	-0.106371916
4.623601734	4.588119046	4.61760771	4.171758888	4.924148902	4.586052929	4.586052929	4.591210238	4.557734309	4.732502635	4.629381046	4.589180086	3.954176299	4.80117525	4.569022629	4.606762957	4.532152093	4.589180086	-0.072711133
4.612111518	4.58189774	4.550742572	4.157856246	4.89531931	4.563321354	4.554953105	4.58189774	4.521848106	4.729451974	4.645729635	4.62854339	3.989178279	4.818420299	4.591011391	4.619838221	4.53669417	4.587631107	-0.104526086
4.618602998	4.534673016	4.545166292	4.149568831	4.667808761	4.535727313	4.580041621	4.572960155	4.545166292	4.706745283	4.628111201	4.590826181	3.905469802	4.800697689	4.57278736	4.591942875	4.536883098	4.585223925	-0.113683948
4.555848055	4.55989255	4.53434185	4.186207673	4.84276996	4.514477109	4.551787135	4.546687685	4.543615486	4.701200595	4.610466172	4.568096401	3.840183262	4.80795595	4.546218729	4.586155582	4.527416765	4.592844571	-0.129271792
4.557641634	4.503120795	4.542217163	4.085186021	4.813706665	4.520215228	4.544287557	4.564759101	4.543252896	4.682720208	4.608690646	4.572932646	3.836780582	4.855482115	4.561490874	4.578604811	4.516777543	4.592088161	-0.124058686
4.582589829	4.567244259	4.548513223	4.039087179	4.782521904	4.535828063	4.531563664	4.54746225	4.597703467	4.714955852	4.645371877	4.598851861	3.913801891	4.90380552	4.658587928	4.616123448	4.560977512	4.636463132	-0.150809169
4.583061747	4.553361663	4.529162692	4.147376669	4.782722851	4.532352487	4.545010884	4.561643284	4.565758516	4.712923941	4.672459153	4.597148535	3.938303949	4.902720172	4.620930868	4.63377401	4.580157835	4.647599115	-0.190171527
4.549388148	4.554482403	4.539121117	4.156610345	4.777625954	4.52978979	4.526659897	4.541182974	4.544267809	4.665280514	4.608895795	4.51277322	3.820902364	4.849062992	4.569860679	4.586607482	4.542964193	4.606572914	-0.186784019
4.559888409	4.555843914	4.482281347	4.097324243	4.790471423	4.503857157	4.523931787	4.518687937	4.524977266	4.683859936	4.60966862	4.518085442	3.750633536	4.875527355	4.580063142	4.586054772	4.553264949	4.629311077	-0.195056827
4.569395205	4.541449275	4.516857872	4.099391576	4.685426927	4.486313106	4.475560314	4.512699861	4.531276247	4.689190368	4.634352068	4.513463878	3.784043291	4.893154364	4.602276008	4.564311781	4.575135699	4.633224037	-0.200740509
4.556959815	4.535948537	4.489380371	4.301108946	4.673642135	4.464714241	4.477659406	4.509307617	4.520665509	4.65090284	4.609366814	4.487249623	3.754225777	4.853712573	4.569520906	4.528021175	4.543637108	4.595883464	-0.172172196
4.548601237	4.517078545	4.467306494	4.241716957	4.720188038	4.469475693	4.458582339	4.51189987	4.543583665	4.62364362	4.598764024	4.469136752	3.775989571	4.836477802	4.55625203	4.504657939	4.524908779	4.574372571	-0.140181685
4.547224348	4.53704096	4.471478373	4.330896423	4.64096749	4.474751699	4.478014344	4.552277415	4.496304257	4.615611799	4.603890833	4.453840346	3.907523038	4.803391596	4.522418022	4.501265647	4.528215139	4.55783006	-0.112931324
4.53403102	4.539135676	4.449714436	4.294635337	4.671520791	4.464087265	4.47065184	4.556299147	4.489020806	4.611630396	4.605274442	4.463970397	3.976931422	4.796237266	4.523370279	4.510601679	4.540523359	4.555155021	-0.108786935
4.543964931	4.541940639	4.460715199	4.131905835	4.647605059	4.481379338	4.478144834	4.524566671	4.500569692	4.581417752	4.584600779	4.452279308	3.961011282	4.722887795	4.507554988	4.484405807	4.51439652	4.530180388	-0.087204014
4.554910666	4.560910684	4.471267369	4.45809484	4.763302005	4.493909846	4.479953634	4.537712468	4.524358392	4.585374391	4.573690775	4.470227793	4.093377776	4.761162862	4.508582291	4.507441389	4.519920281	4.562949533	-0.081915402
4.535441853	4.550724881	4.508385052	4.393367177	4.763910013	4.494577079	4.46967054	4.547686904	4.551735493	4.604023922	4.610373149	4.501254997	4.206489069	4.752700135	4.522210362	4.531384738	4.556188715	4.580392317	-0.101988098
4.560412338	4.600712632	4.495138006	4.311101919	4.644996834	4.530893655	4.506846496	4.538099039	4.585178339	4.590028368	4.587893895	4.468908214	4.263949692	4.669907047	4.523925013	4.531866064	4.534123401	4.571738455	-0.090616851
4.530944671	4.567683497	4.538194832	4.126518524	4.773442337	4.535094055	4.503545697	4.525733612	4.56668099	4.616849875	4.613670222	4.513251474	4.319598351	4.739207967	4.562488666	4.55913108	4.55463669	4.583495519	-0.103734727
4.566393417	4.578345751	4.523398054	4.267290327	4.676352561	4.550231449	4.492593706	4.535872228	4.547171783	4.561552793	4.533073322	4.477090687	4.320979607	4.643421379	4.536401112	4.519650302	4.503758934	4.533073322	-0.070038418
4.560504463	4.569563407	4.514995059	4.188839789	4.671410745	4.57156541	4.511815406	4.50862561	4.555436028	4.562723183	4.556373956	4.483734772	4.386710796	4.671558667	4.504074456	4.517407987	4.522911578	4.540322247	-0.04455855
4.564259204	4.552039093	4.552039093	4.360660249	4.614590497	4.54998781	4.541740341	4.581319327	4.563246546	4.589343466	4.594479584	4.531033362	4.422757392	4.676097343	4.563259566	4.563259566	4.586249085	4.587281609	-0.042440491
4.579444546	4.616813693	4.574421934	4.402319883	4.651905012	4.563282578	4.543744682	4.572405804	4.584442058	4.560056181	4.564162963	4.519105577	4.467417327	4.658914119	4.557996448	4.541364048	4.552828478	4.559026845	-0.007009106
4.590625262	4.59261136	4.570544266	4.459079967	4.603464944	4.579630648	4.553152523	4.589630732	4.594593521	4.553748727	4.530121537	4.518621149	4.48765231	4.640252361	4.554763441	4.538403158	4.548659658	4.54251839	0.015780825
4.578808551	4.594808892	4.578808551	4.52921161	4.641328908	4.581828181	4.556381515	4.58082265	4.558441248	4.547656659	4.53554753	4.52534336	4.395176265	4.597544753	4.543636553	4.52534336	4.536562243	4.521232357	0.036179555
4.588193763	4.559678593	4.611023539	4.671936753	4.632383574	4.594199787	4.598183856	4.607090397	4.539855304	4.518347233	4.489272503	4.509414171	4.433847969	4.557111776	4.527201201	4.508416664	4.50140612	4.49434608	0.085783123
4.582898546	4.569666801	4.572735857	4.717945473	4.579860569	4.601927663	4.593959494	4.598947035	4.576813335	4.557002488	4.55500847	4.549002446	4.540937886	4.571832221	4.55500847	4.551008464	4.547997925	4.54194952	0.040949026
4.598038178	4.607939249	4.584009891	4.705486065	4.547006698	4.602010377	4.603990576	4.595048639	4.580978055	4.528831004	4.522727222	4.537917387	4.541929429	4.487417219	4.5548585	4.542929929	4.537917387	4.541929429	0.050120707
4.604413611	4.589450738	4.569145472	4.418918708	4.537892929	4.611320397	4.614265907	4.572217671	4.620131027	4.496275098	4.50130276	4.519195882	4.527046756	4.448794559	4.506305272	4.511282883	4.510289341	4.510289341	0.090156011
4.588855802	4.569457542	4.595908728	4.643933635	4.606892363	4.597914747	4.612832975	4.615790099	4.627531917	4.467334631	4.496922588	4.494977062	4.599363394	4.429594303	4.472327153	4.492051658	4.488137759	4.487156886	0.131581618
4.603703797	4.60569583	4.619530042	4.695108963	4.518413045	4.598706285	4.63026709	4.577439661	4.620510915	4.47046397	4.483103905	4.510737869	4.609970626	4.415145695	4.474370225	4.493675844	4.484069622	4.478261281	0.15200581
4.623596511	4.621633802	4.630435815	4.753936542	4.559841996	4.618682496	4.633352686	4.621633802	4.611762053	4.471897388	4.481634564	4.516859529	4.613104725	4.381857056	4.469938524	4.492237073	4.472875384	4.488394609	0.153657987
4.613383329	4.629147203	4.654245045	4.705347663	4.58006374	4.614375885	4.622281065	4.600389643	4.619323941	4.529289826	4.529289826	4.553202969	4.576557604	4.411264748	4.512695985	4.530257412	4.521515249	4.535081348	0.10958508
4.618238401	4.604321676	4.688743784	4.706072079	4.586139357	4.603320173	4.65601529	4.623162094	4.647423352	4.537457116	4.546452679	4.571023939	4.499600933	4.391804363	4.55635375	4.557338486	4.561267764	4.571023939	0.063857039
4.598305935	4.584106913	4.650303915	4.688752158	4.557190174	4.625133177	4.641662479	4.641662479	4.640697694	4.519631948	4.502416333	4.53457991	4.527631991	4.373979195	4.548332582	4.542461724	4.536556195	4.552227427	0.08169058
4.61948502	4.597549944	4.639983542	4.649599001	4.522200506	4.602577606	4.635140917	4.575122908	4.640949259	4.525224186	4.519295315	4.524238479	4.452706461	4.362994986	4.532097066	4.524238479	4.528175492	4.536977505	0.095246541
4.63500012	4.592356078	4.672164949	4.735592002	4.57807012	4.615391648	4.642737102	4.598416702	4.62032993	4.509703002	4.497856861	4.494873269	4.44378964	4.323645328	4.526248391	4.506754597	4.508721166	4.507738365	0.11456007
4.606414422	4.615365253	4.652298508	4.703448662	4.550958736	4.607412925	4.620303534	4.613383092	4.585212215	4.487540117	4.485571613	4.468680998	4.494399527	4.331420933	4.505084427	4.496350747	4.496350747	4.492444492	0.134731922
4.628934489	4.640585106	4.618134187	4.714072367	4.531571422	4.598193347	4.612193576	4.613186132	4.635747167	4.468131253	4.465191516	4.452351833	4.513093394	4.309403906	4.489429251	4.475928564	4.472037508	4.483665546	0.158848201
4.627160588	4.64076624	4.600386555	4.653236426	4.633986553	4.606398597	4.626181636	4.594338149	4.645580886	4.47883528	4.47883528	4.452114245	4.450106212	4.308936244	4.4807865	4.4807865	4.48855353	4.49721993	0.150280343
4.603442793	4.65423496	4.615395126	4.639846222	4.641776725	4.597412624	4.608440305	4.632086727	4.662769862	4.512274885	4.520148942	4.469887107	4.44059631	4.343692504	4.523085801	4.511286254	4.524062841	4.525038927	0.105098481
4.622227724	4.614330348	4.639772034	4.668345406	4.637837797	4.588224448	4.604370107	4.610358148	4.677691268	4.496948792	4.525965335	4.461821213	4.468110542	4.351893678	4.519038043	4.501001482	4.507049888	4.521022171	0.093308177
4.623130577	4.641622588	4.633878116	4.658831426	4.557150283	4.584067022	4.6102782	4.5881445	4.660725366	4.48201273	4.520208327	4.427262215	4.333141803	4.351988062	4.502297401	4.479961447	4.503300913	4.510297443	0.098985237
4.615223555	4.604272724	4.594212277	4.637740415	4.651202156	4.595222889	4.603271222	4.59824861	4.638708001	4.473649679	4.503592036	4.420595116	4.269821917	4.360037266	4.49271699	4.466532211	4.49072694	4.496685249	0.118538306
4.62503617	4.641565472	4.618149768	4.461363172	4.688655151	4.591134618	4.600221001	4.604233042	4.647334718	4.490297398	4.520856701	4.442107654	4.231230993	4.406828742	4.502237838	4.486285357	4.501248229	4.533399074	0.113935644
4.65035905	4.624207439	4.638820461	4.690645529	4.78436834	4.587221714	4.615336015	4.606385185	4.663654593	4.481064072	4.504780599	4.413855322	4.245341739	4.386753393	4.472023327	4.460861365	4.496937421	4.506731819	0.124321612
4.633784614	4.64441787	4.669110482	4.66535108	4.855177362	4.564375162	4.659685342	4.641529086	4.676587153	4.472924003	4.471930461	4.409378038	4.257693451	4.397669549	4.46294388	4.453875808	4.481821739	4.497447057	0.139248767
4.643461302	4.656845823	4.625005217	4.688624198	4.710463101	4.580909897	4.629895203	4.670053562	4.678453052	4.481512577	4.473552336	4.424412461	4.324052828	4.434850969	4.481512577	4.463512091	4.502111638	4.501140293	0.132649754
4.662576747	4.642547465	4.642547465	4.701470538	4.732765001	4.599233608	4.633839137	4.624073434	4.675710144	4.485952828	4.479946804	4.432661531	4.407073781	4.455555351	4.506694312	4.474914081	4.506694312	4.496871051	0.121296855
4.642545747	4.671037702	4.585047254	4.629942574	4.766518109	4.588103803	4.639651388	4.624071716	4.638684738	4.512503886	4.49320415	4.468280742	4.44917188	4.477699964	4.526490128	4.506449377	4.545163889	4.532424863	0.086728004
4.634132105	4.637043315	4.581251956	4.629261175	4.76425634	4.608540157	4.631212395	4.604544148	4.641876578	4.537341455	4.547514482	4.498774924	4.432889411	4.527063872	4.564574605	4.541423093	4.568546805	4.562582573	0.045957585
4.628049561	4.656953307	4.578966099	4.600297532	4.775052849	4.613278244	4.622167191	4.592224834	4.679489472	4.560658079	4.581192681	4.526899599	4.459208761	4.537572059	4.581192681	4.564798872	4.594317554	4.591303991	0.007988011
4.640491374	4.665278153	4.590010592	4.660558937	4.742274068	4.602119721	4.639525657	4.6130924	4.707680819	4.544976174	4.563495222	4.507954495	4.470628538	4.520802638	4.581677541	4.548086597	4.572627706	4.56654866	0.022446189
4.669092339	4.596138268	4.576779539	5.035661884	4.730047995	4.597146841	4.623018931	4.558087406	4.688600621	4.551186983	4.596718367	4.516428349	4.511054881	4.556349617	4.578753812	4.549114443	4.575728092	4.569649045	0.019400586
4.661859521	4.636008393	4.586296368	4.719700332	4.746110317	4.58527648	4.646621131	4.593406606	4.678729649	4.556669407	4.576047882	4.528469105	4.530585508	4.578066046	4.578066046	4.554607551	4.582090196	4.582090196	0.01938097
4.653918488	4.662535104	4.641339705	4.73248081	4.794516201	4.599584137	4.645226979	4.65679895	4.681421406	4.584285603	4.586328504	4.553130435	4.485492883	4.620434117	4.60151867	4.577102401	4.594458631	4.59849904	0.008166563
4.617340767	4.617340767	4.602407687	4.752106575	4.828555747	4.590298558	4.646554139	4.65610531	4.663681104	4.599991907	4.585558667	4.544217327	4.531145245	4.617242462	4.608146896	4.592801327	4.614219789	4.614219789	-0.017848338
4.631045356	4.648437099	4.604377109	4.828521161	4.795997969	4.580059801	4.618293835	4.665531532	4.669290935	4.643253624	4.640181425	4.576668019	4.658474618	4.656458488	4.665499233	4.623635029	4.644275596	4.655448897	-0.060121623
4.631832801	4.63765806	4.625973409	4.874454357	4.786678746	4.575762059	4.615141201	4.672849518	4.673783661	4.642959526	4.636716009	4.588604112	4.688583251	4.677621507	4.665524586	4.62727703	4.655330818	4.656354883	-0.07443264
4.635940023	4.618327043	4.639812245	4.818099912	4.807535002	4.583165209	4.626193357	4.676800814	4.682371859	4.638782838	4.64814328	4.599353116	4.692685056	4.684732728	4.677722183	4.635643118	4.658442033	4.64814328	-0.077323907
4.625132369	4.637796932	4.599311669	4.832465314	4.821247248	4.604329241	4.627091233	4.635858946	4.653167071	4.649864967	4.650901773	4.620389148	4.576714085	4.700431856	4.679504336	4.641531585	4.659157754	4.641531585	-0.081199209
4.631121065	4.610420474	4.616378783	4.857965078	4.751394223	4.590299071	4.620331358	4.640829879	4.647570396	4.697564673	4.698620082	4.670810804	4.549904675	4.741970523	4.758002931	4.693331863	4.711198865	4.688015529	-0.145592407
4.626073661	4.628030609	4.552944642	4.80904796	4.753711127	4.574831915	4.605291122	4.603289119	4.653128451	4.686419544	4.67994703	4.642456421	4.548269206	4.701361124	4.736744628	4.688567773	4.717126033	4.694984907	-0.153699115
4.618170673	4.618170673	4.588108289	4.805743308	4.750220218	4.563390244	4.600241906	4.625057075	4.693265325	4.655762844	4.665445545	4.607026732	4.546189262	4.702233718	4.689772498	4.665445545	4.686632778	4.6792682	-0.128469938
4.618383435	4.620355823	4.560469844	4.753024775	4.732099861	4.561515323	4.58730324	4.608462719	4.675925674	4.642585414	4.654318882	4.607647363	4.576042023	4.664867503	4.679451095	4.649002548	4.664867503	4.668010512	-0.107540668
4.627382465	4.635179776	4.596580229	4.707274627	4.722514725	4.568956989	4.601612952	4.632262904	4.673279622	4.673345557	4.661748168	4.628321876	4.598269531	4.688946497	4.687913973	4.663866813	4.67961517	4.682735297	-0.114816191
4.641534501	4.633790029	4.571645789	4.699603247	4.74235241	4.583978936	4.618118797	4.615152903	4.66347148	4.714390576	4.68568047	4.661661848	4.614141595	4.732053372	4.733082709	4.705969473	4.717530296	4.712291939	-0.156279611
4.639819195	4.657061002	4.593345187	4.776846884	4.744309767	4.58317216	4.603415766	4.639819195	4.654207933	4.70999414	4.704711508	4.680045378	4.615000033	4.692990543	4.731881413	4.70999414	4.711047326	4.715249013	-0.156922852
4.649885889	4.62176964	4.604912523	4.745543653	4.842353379	4.568248539	4.62176964	4.638347299	4.616841094	4.756558423	4.748074809	4.734133564	4.656697248	4.740592144	4.757613832	4.759721314	4.761824365	4.758668128	-0.206102085
4.635786544	4.58607452	4.627996826	4.800824123	4.739788232	4.569630162	4.60625684	4.641589269	4.66729273	4.771188318	4.739715291	4.769049279	4.689987532	4.772256123	4.793376233	4.783927343	4.77011937	4.775452716	-0.232070781
4.623116708	4.58609397	4.61621673	4.745038732	4.763134875	4.580984097	4.620165402	4.669190116	4.665430713	4.77488969	4.773821885	4.781272691	4.680965956	4.784448977	4.790771443	4.790771443	4.779149548	4.77488969	-0.234684897
4.63187232	4.626012928	4.638665165	4.751924768	4.815491314	4.562322888	4.61715896	4.628946915	4.653067718	4.751432516	4.743989632	4.777570962	4.692527813	4.793947991	4.766154128	4.782717654	4.749311625	4.749311625	-0.20383124
4.631502366	4.626621927	4.604860435	4.680895122	4.832792503	4.573369768	4.626621927	4.636359102	4.624663063	4.74961042	4.724399	4.774201823	4.707231197	4.830291289	4.756845593	4.780256332	4.736033188	4.713703711	-0.181413969
4.653906694	4.643365149	4.575610157	4.865351962	4.866893982	4.582800737	4.651998296	4.634656821	4.634656821	4.75969549	4.732582255	4.792086986	4.789094465	4.868752868	4.767892257	4.80101119	4.741003357	4.712293251	-0.182025601
4.638656913	4.625024764	4.619125042	4.757943224	4.843451325	4.597189965	4.642517921	4.658762904	4.654964229	4.76849332	4.71990932	4.801948036	4.807912269	4.901509116	4.795948018	4.814825877	4.752908589	4.744496342	-0.193730391
4.640634225	4.631909013	4.591168157	4.813905947	4.781738225	4.599249009	4.640634225	4.629959694	4.674793144	4.771703024	4.729278847	4.814392433	4.823307797	4.902895235	4.809404892	4.835072638	4.7768817	4.762313284	-0.20413781
4.634825052	4.60626575	4.604265749	4.863004446	4.808207094	4.597234078	4.647367426	4.631908181	4.687767471	4.748647074	4.729477158	4.80104735	4.908208047	4.862201774	4.799043342	4.825764377	4.757050485	4.746535141	-0.196781601
4.641555139	4.608218719	4.624044964	4.871426251	4.713180351	4.607221213	4.650196576	4.642518995	4.662548277	4.745730653	4.764658663	4.795430322	4.924152187	4.836009862	4.801472636	4.840847801	4.75838905	4.744668518	-0.200257448
4.616320305	4.640747509	4.656073479	4.890559307	4.745142307	4.614340106	4.647481541	4.624202119	4.681415051	4.764547154	4.779346579	4.819454782	5.025517805	4.848269493	4.814401715	4.87246032	4.77829671	4.760278204	-0.222106589
4.638757729	4.606322453	4.626105492	4.923776684	4.730191935	4.62806244	4.664534812	4.659811138	4.649339838	4.798590711	4.811356842	4.836410344	5.020448639	4.885691306	4.874837721	4.910886437	4.8102992	4.802864222	-0.261546599
4.64576566	4.630246434	4.626328702	4.83464252	4.57187977	4.607506947	4.686318128	4.639974138	4.649608123	4.832267725	4.858626657	4.857585533	4.952895712	4.868978716	4.898407527	4.93954947	4.84500675	4.841837176	-0.29090058
4.63098509	4.611491295	4.626147151	4.963034987	4.708053376	4.603586116	4.675352914	4.673504485	4.688197128	4.810528919	4.815856582	4.841041544	4.911070148	4.835846727	4.889584946	4.914927433	4.804098028	4.811596724	-0.281050775
4.660736979	4.625104899	4.661682605	4.980995222	4.747669513	4.616242212	4.662627339	4.656945505	4.70785886	4.818388784	4.814173815	4.852500618	4.973890511	4.845361373	4.88941254	4.913603366	4.80035116	4.798207536	-0.263327728
4.654861154	4.630763602	4.645291703	4.975563438	4.777500106	4.608068993	4.664339898	4.651044356	4.681178462	4.834712313	4.837855322	4.875828073	5.095541781	4.876834616	4.90461418	4.936393455	4.824163692	4.816712885	-0.276781698