@lpm0	lpm1	lpm2	lpm3	lpm4	lpm5	lpm6	lpm7	lpm8	lfp0	lfp1	lfp2	lfp3	lfp4	lfp5	lfp6	lfp7	lfp8	llcusd@
4.463462214	4.64228114	4.433891757	4.040359965	4.570569455	4.427871269	4.42907827	4.497829858	4.436289839	4.732107412	4.575038087	4.639416749	4.129789448	4.833854851	4.595291944	4.707769927	4.644201447	4.646585238	-0.204325232
4.463650385	4.626345977	4.493815085	4.123165396	4.557996399	4.476523588	4.470692667	4.442220993	4.448219812	4.75294971	4.669190368	4.692528651	4.157971121	4.830232411	4.626990014	4.733212227	4.636794014	4.67154886	-0.207898475
4.477582243	4.689739297	4.482321588	4.055350275	4.566175899	4.504531736	4.477582243	4.504531736	4.453542624	4.788459184	4.666142862	4.720405721	4.167224585	4.885562015	4.661173908	4.76291643	4.688202581	4.690623889	-0.231016965
4.459698065	4.682115839	4.529738352	4.125400004	4.567353406	4.496497469	4.487129719	4.475295261	4.438927617	4.800191917	4.886835309	4.728119569	4.211742781	4.926523057	4.693112977	4.794657869	4.696791706	4.693112977	-0.249259242
4.437390776	4.536481678	4.48758052	4.114792438	4.560605655	4.506056796	4.469943379	4.486414339	4.415085018	4.764135519	4.614858326	4.715627164	4.212660127	4.913604618	4.657145216	4.768634964	4.672089454	4.663399145	-0.243314116
4.457092493	4.557633722	4.471412547	3.996658315	4.577010001	4.530083771	4.508626143	4.502902029	4.429058969	4.783846724	4.529026316	4.727735842	4.206252923	4.919047101	4.678238714	4.801507227	4.69541705	4.694199765	-0.250416603
4.462628963	4.496850592	4.475747816	3.932000712	4.572779907	4.544424682	4.49916809	4.495689826	4.420956267	4.784892831	4.556115462	4.740083497	4.137857002	4.915329552	4.682026082	4.808214265	4.702975708	4.705411763	-0.256076047
4.451685824	4.537089484	4.468412618	3.948860243	4.487192513	4.492989631	4.4825305	4.461278224	4.438344208	4.751011534	4.697758212	4.727051461	4.085659362	4.885810444	4.635199498	4.777709449	4.674906947	4.65649022	-0.232906428
4.462062747	4.538627827	4.472694861	4.041640734	4.524223146	4.532005286	4.494775944	4.49592471	4.470341919	4.759062925	4.616811699	4.720769958	4.122828579	4.898103973	4.634488927	4.79487793	4.671348136	4.673757776	-0.224845248
4.47769457	4.452558597	4.504518336	4.004375759	4.549520305	4.510255586	4.517097118	4.499904717	4.441589566	4.786833128	4.603408428	4.727792147	4.129423373	4.950233698	4.648723624	4.809722411	4.702924081	4.705319291	-0.239515468
4.470966993	4.524530436	4.499270769	4.020859804	4.542508448	4.513127804	4.50159365	4.457721766	4.458933153	4.78364758	4.641057722	4.712516686	4.13278312	4.908419792	4.658779705	4.788067476	4.687229366	4.699350727	-0.235586647
4.470418162	4.60409853	4.436475509	4.073261707	4.547246761	4.49630196	4.508996879	4.495139844	4.477544082	4.759908226	4.575125543	4.684510209	4.163593682	4.879799528	4.619811032	4.772123814	4.685714303	4.685714303	-0.224877053
4.495490394	4.498952602	4.501254099	4.053529181	4.607992974	4.52173263	4.534043921	4.462584957	4.510407481	4.748067458	4.626778845	4.716210384	4.209230919	4.925149482	4.660343214	4.78651261	4.674906578	4.695181572	-0.220719991
4.484561906	4.540163293	4.498467113	4.111246524	4.575939467	4.544568587	4.50763098	4.474004623	4.509908885	4.755588115	4.635585322	4.721763019	4.210555059	4.935689915	4.648007842	4.777518818	4.685565255	4.705577694	-0.219849607
4.495331978	4.652118574	4.503382625	4.154694033	4.542691448	4.539382013	4.537169623	4.495331978	4.501089046	4.741024761	4.628679931	4.698756904	4.247937961	4.894216208	4.638642654	4.751041539	4.678720878	4.682285944	-0.213871916
4.471277761	4.617188253	4.491011425	4.18398639	4.569461353	4.514862641	4.510363196	4.477122313	4.479450603	4.740660355	4.590914968	4.65545349	4.292923526	4.887213657	4.643361444	4.735126306	4.645791579	4.662639149	-0.209102835
4.51242643	4.533317789	4.528955732	4.076502115	4.582159768	4.516861027	4.488816565	4.469286938	4.484255553	4.734634754	4.618629983	4.640528668	4.252953125	4.878246602	4.601259819	4.719181908	4.625982957	4.642932515	-0.207867206
4.48744418	4.696706521	4.502026603	4.064884638	4.54773641	4.503139569	4.485181735	4.457625457	4.485181735	4.752687044	4.618692224	4.658673321	4.220002627	4.895499558	4.627307662	4.72083372	4.634633702	4.653911407	-0.221036772
4.461593107	4.646621026	4.485690659	4.113673485	4.487955665	4.515843697	4.490215553	4.46853758	4.454600072	4.749279154	4.620295005	4.66795216	4.245032501	4.909540311	4.641348415	4.72365101	4.6462384	4.680993246	-0.233435457
4.479518778	4.707238996	4.472614262	4.100646467	4.495446304	4.532015476	4.469144045	4.457488901	4.488651261	4.742515811	4.667030191	4.663404809	4.265778149	4.913777174	4.673043438	4.711849012	4.633918643	4.675438649	-0.238080682
4.470019672	4.646981339	4.472308003	4.176593759	4.539699593	4.543963992	4.489305579	4.427908187	4.50601906	4.761157767	4.630259789	4.632731979	4.325938398	4.927794158	4.629021399	4.69958264	4.632731979	4.667908437	-0.237613615
4.496918475	4.617772954	4.439955469	4.321879307	4.524227654	4.544495014	4.473387977	4.45276869	4.493590685	4.741807668	4.631679125	4.630452884	4.402697487	4.918441658	4.620588439	4.679535147	4.618107048	4.66185643	-0.236068849
4.483462714	4.564773975	4.443053176	4.16789261	4.554580207	4.465704201	4.476840174	4.471287689	4.477946981	4.758586032	4.635173819	4.630204865	4.398619807	4.901248663	4.63144942	4.690609699	4.585639884	4.675252043	-0.270732531
4.435227872	4.67857413	4.439752766	4.252906315	4.504220743	4.496785765	4.447622396	4.41922753	4.449859534	4.704085179	4.626399073	4.59784344	4.388458705	4.831510767	4.592792924	4.667172107	4.617794226	4.660096606	-0.267724163
4.452934516	4.594418782	4.421612045	4.216765978	4.491816304	4.488633277	4.455134737	4.406729114	4.482236667	4.710981691	4.577762847	4.604891514	4.397439293	4.854447165	4.607321649	4.66851721	4.597565474	4.659342834	-0.251460982
4.475775671	4.596620774	4.411095597	4.161559234	4.512257048	4.483179195	4.465103211	4.44011549	4.486335431	4.695604434	4.55520331	4.60888346	4.330833517	4.841965842	4.558873039	4.638633937	4.564959485	4.6363766	-0.223018559
4.485923557	4.496383904	4.449516967	4.134193555	4.524092193	4.497423946	4.458203232	4.449516967	4.506735963	4.719402073	4.571556262	4.614611196	4.265069875	4.865166034	4.565593215	4.642687155	4.576301229	4.627061837	-0.208555107
4.482582121	4.673867619	4.467640541	4.065396048	4.523065075	4.49102099	4.462249692	4.449191835	4.50665445	4.731547183	4.578068999	4.629656367	4.190674916	4.856591604	4.588601571	4.637447169	4.569799607	4.61615785	-0.200376694
4.483519478	4.630172466	4.48242956	4.114947087	4.520936991	4.538618159	4.485695758	4.514621181	4.48460821	4.748350944	4.61082753	4.643433004	4.220110279	4.858580067	4.625575387	4.650048243	4.575940271	4.609684019	-0.175281556
4.505595675	4.632624491	4.446755175	4.082516021	4.577054639	4.519258526	4.492815949	4.43091774	4.519258526	4.74219503	4.596269434	4.631202563	4.186782487	4.842986153	4.596269434	4.637825104	4.567180705	4.608805211	-0.171069262
4.489525908	4.626079047	4.471469124	4.083534346	4.565511815	4.455261314	4.484248851	4.46824851	4.487418426	4.727676308	4.582769187	4.606220848	4.172206362	4.736435488	4.548283011	4.621555212	4.552950464	4.596237404	-0.164117618
4.492141775	4.596662484	4.47734235	4.106417568	4.528209569	4.519058514	4.47627682	4.460156106	4.515989458	4.724169962	4.621979021	4.624086503	4.190871482	4.783336939	4.576663824	4.624086503	4.531509427	4.593084555	-0.135097647
4.500778818	4.6610439	4.478543915	4.175759075	4.528658786	4.508081928	4.489193643	4.4623536	4.548820759	4.766190789	4.619192993	4.650161832	4.222367248	4.769929111	4.557686747	4.648056568	4.57597297	4.628907047	-0.153580293
4.548170712	4.658748364	4.494445313	4.170021415	4.536824536	4.50948319	4.482469122	4.463673654	4.522195226	4.775163101	4.633224879	4.641901723	4.253567655	4.760883944	4.587534481	4.645136227	4.574912397	4.621169939	-0.145294247
4.516786451	4.533470884	4.508338672	4.17398508	4.53140049	4.509398555	4.491225954	4.47710296	4.527246798	4.783481302	4.678014859	4.647905058	4.264039062	4.829134315	4.606673591	4.658762928	4.57547522	4.635823637	-0.168616304
4.511491938	4.682221746	4.463552475	4.106558603	4.622157506	4.517854632	4.498643795	4.472441423	4.509362011	4.738568625	4.618838169	4.605592942	4.169668626	4.826957133	4.577422065	4.617741076	4.542534806	4.605592942	-0.137586116
4.533908081	4.683141726	4.55933318	4.029854895	4.547760194	4.551984065	4.533908081	4.546701433	4.55619017	4.729439377	4.597142299	4.609131543	4.071217879	4.797214729	4.563694364	4.603699699	4.529088835	4.602609781	-0.084927042
4.545608888	4.515303538	4.542405468	3.987857033	4.602589603	4.550925221	4.529488173	4.51968951	4.509793883	4.739663302	4.606539601	4.614119497	4.032141174	4.805034018	4.576752512	4.611959669	4.541421202	4.615197664	-0.080306993
4.532790597	4.432707139	4.53495276	3.988212687	4.701674509	4.572052935	4.532790597	4.541411341	4.521909097	4.738724891	4.610330728	4.589621541	3.964585786	4.800353585	4.578547231	4.598393527	4.52713671	4.609251397	-0.074298636
4.544623251	4.464139062	4.530756362	3.967374091	4.646269249	4.597239822	4.535043614	4.55306212	4.499111605	4.732502635	4.629381046	4.589180086	3.954176299	4.80117525	4.569022629	4.606762957	4.532152093	4.589180086	-0.090068482
4.515272673	4.593559894	4.505452627	3.966456126	4.608507856	4.546274621	4.518524708	4.509829001	4.501057015	4.729451974	4.645729635	4.62854339	3.989178279	4.818420299	4.591011391	4.619838221	4.53669417	4.587631107	-0.111101519
4.527877014	4.51816296	4.505062336	3.894153254	4.605355087	4.563745838	4.525726476	4.483962164	4.51816296	4.706745283	4.628111201	4.590826181	3.905469802	4.800697689	4.57278736	4.591942875	4.536883098	4.585223925	-0.102384725
4.523301715	4.672653252	4.530840792	3.869375247	4.667986888	4.528692563	4.514615449	4.548916776	4.599261253	4.701200595	4.610466172	4.568096401	3.840183262	4.80795595	4.546218729	4.586155582	4.527416765	4.592844571	-0.09694183
4.536708329	4.661934249	4.456754554	3.871969161	4.661934249	4.560958331	4.518398717	4.519485083	4.516222438	4.682720208	4.608690646	4.572932646	3.836780582	4.855482115	4.561490874	4.578604811	4.516777543	4.592088161	-0.100122701
4.506025677	4.632803547	4.492751146	3.851676466	4.646265289	4.511505143	4.502723528	4.433100438	4.5158672	4.714955852	4.645371877	4.598851861	3.913801891	4.90380552	4.658587928	4.616123448	4.560977512	4.636463132	-0.148176279
4.502160382	4.587791116	4.397535431	3.852216465	4.640097068	4.569385688	4.497735596	4.503263526	4.507663973	4.712923941	4.672459153	4.597148535	3.938303949	4.902720172	4.620930868	4.63377401	4.580157835	4.647599115	-0.181397664
4.542458144	4.610315619	4.440637455	3.886893674	4.58921991	4.527452503	4.488922696	4.494518682	4.496748337	4.665280514	4.608895795	4.51277322	3.820902364	4.849062992	4.569860679	4.586607482	4.542964193	4.606572914	-0.153062256
4.508891903	4.551955607	4.500052066	3.73680152	4.588172705	4.534952009	4.492252584	4.484391791	4.529578541	4.683859936	4.60966862	4.518085442	3.750633536	4.875527355	4.580063142	4.586054772	4.553264949	4.629311077	-0.159683893
4.551769757	4.511958152	4.460144762	3.925926259	4.611152606	4.516339321	4.507557705	4.56850655	4.468204679	4.689190368	4.634352068	4.513463878	3.784043291	4.893154364	4.602276008	4.564311781	4.575135699	4.633224037	-0.149091831
4.542378652	4.636817119	4.550862266	3.914169274	4.658859219	4.521936843	4.508807552	4.526275245	4.492149754	4.65090284	4.609366814	4.487249623	3.754225777	4.853712573	4.569520906	4.528021175	4.543637108	4.595883464	-0.113863228
4.524017156	4.58706324	4.533731209	4.023621405	4.60822272	4.545477207	4.522931968	4.544415072	4.542287411	4.62364362	4.598764024	4.469136752	3.775989571	4.836477802	4.55625203	4.504657939	4.524908779	4.574372571	-0.084556212
4.551839628	4.603238402	4.5633762	3.985343686	4.606239905	4.547611292	4.532669712	4.559196466	4.515315697	4.615611799	4.603890833	4.453840346	3.907523038	4.803391596	4.522418022	4.501265647	4.528215139	4.55783006	-0.068000507
4.538097573	4.623146241	4.548735971	4.025487827	4.577935126	4.518658516	4.526263115	4.550850137	4.512093941	4.611630396	4.605274442	4.463970397	3.976931422	4.796237266	4.523370279	4.510601679	4.540523359	4.555155021	-0.060780259
4.541197441	4.527241229	4.515278063	4.020012732	4.547573658	4.540130774	4.526159564	4.548632419	4.545452767	4.581417752	4.584600779	4.452279308	3.961011282	4.722887795	4.507554988	4.484405807	4.51439652	4.530180388	-0.037027121
4.548958594	4.580211138	4.519971057	4.16236197	4.565748076	4.555287729	4.534032944	4.506812973	4.547899833	4.585374391	4.573690775	4.470227793	4.093377776	4.761162862	4.508582291	4.507441389	4.519920281	4.562949533	-0.034301632
4.539135989	4.455615017	4.552929311	4.280929735	4.62311571	4.550819606	4.509865607	4.538067042	4.574816584	4.604023922	4.610373149	4.501254997	4.206489069	4.752700135	4.522210362	4.531384738	4.556188715	4.580392317	-0.058498134
4.551873256	4.468308178	4.546585037	4.188242289	4.629966646	4.575845223	4.507661204	4.52297879	4.584050397	4.590028368	4.587893895	4.468908214	4.263949692	4.669907047	4.523925013	4.531866064	4.534123401	4.571738455	-0.048759665
4.580848693	4.598116771	4.55700101	4.23552593	4.650114751	4.596100641	4.563277181	4.55700101	4.579823578	4.616849875	4.613670222	4.513251474	4.319598351	4.739207967	4.562488666	4.55913108	4.55463669	4.583495519	-0.068278841
4.553376913	4.678849606	4.504849872	4.310299147	4.58955657	4.561762707	4.559672842	4.515838994	4.571113424	4.561552793	4.533073322	4.477090687	4.320979607	4.643421379	4.536401112	4.519650302	4.503758934	4.533073322	-0.03376363
4.547575447	4.661584893	4.517465646	4.428467381	4.55285808	4.593131979	4.554963343	4.518556753	4.585001853	4.562723183	4.556373956	4.483734772	4.386710796	4.671558667	4.504074456	4.517407987	4.522911578	4.540322247	-0.0109194
4.582144816	4.655155535	4.540341446	4.386012878	4.62227056	4.595363107	4.594352496	4.543538039	4.590299805	4.589343466	4.594479584	4.531033362	4.422757392	4.676097343	4.563259566	4.563259566	4.586249085	4.587281609	-0.013358833
4.585070733	4.57584463	4.583027831	4.441577348	4.594212493	4.586090621	4.584049804	4.573782773	4.585070733	4.560056181	4.564162963	4.519105577	4.467417327	4.658914119	4.557996448	4.541364048	4.552828478	4.559026845	0.016817785
4.578859962	4.614163679	4.632819104	4.485293641	4.655897052	4.612179551	4.592118698	4.566463109	4.593131356	4.553748727	4.530121537	4.518621149	4.48765231	4.640252361	4.554763441	4.538403158	4.548659658	4.54251839	0.036341572
4.616430144	4.567788337	4.582221577	4.340221726	4.596449459	4.577090729	4.588344045	4.558398596	4.594429257	4.547656659	4.53554753	4.52534336	4.395176265	4.597544753	4.543636553	4.52534336	4.536562243	4.521232357	0.054829036
4.613326779	4.599340537	4.600346068	4.632973777	4.699759285	4.579014634	4.601350588	4.626141149	4.600346068	4.518347233	4.489272503	4.509414171	4.433847969	4.557111776	4.527201201	4.508416664	4.50140612	4.49434608	0.098939948
4.615221125	4.666365893	4.644491507	4.648330283	4.574811586	4.591171869	4.598246179	4.584047157	4.576871319	4.557002488	4.55500847	4.549002446	4.540937886	4.571832221	4.55500847	4.551008464	4.547997925	4.54194952	0.052260327
4.577923016	4.602289704	4.631936144	4.535944135	4.551893436	4.607292216	4.611276285	4.637761403	4.617222784	4.528831004	4.522727222	4.537917387	4.541929429	4.487417219	4.5548585	4.542929929	4.537917387	4.541929429	0.062364284
4.613224237	4.601248046	4.622113185	4.852897091	4.624077822	4.639657494	4.608251577	4.592170828	4.639657494	4.496275098	4.50130276	4.519195882	4.527046756	4.448794559	4.506305272	4.511282883	4.510289341	4.510289341	0.100948798
4.625235285	4.603430655	4.646574601	4.71249173	4.636931325	4.609424679	4.621306007	4.665586581	4.634020115	4.467334631	4.496922588	4.494977062	4.599363394	4.429594303	4.472327153	4.492051658	4.488137759	4.487156886	0.137097526
4.608556426	4.588414759	4.593488336	4.756563791	4.583315308	4.624382672	4.613529087	4.653398247	4.63511972	4.47046397	4.483103905	4.510737869	4.609970626	4.415145695	4.474370225	4.493675844	4.484069622	4.478261281	0.156858439
4.609275244	4.58099053	4.583037614	4.762286971	4.576883748	4.606282723	4.626065762	4.638717999	4.623123141	4.471897388	4.481634564	4.516859529	4.613104725	4.381857056	4.469938524	4.492237073	4.472875384	4.488394609	0.155147326
4.641946188	4.596573514	4.599596186	4.641946188	4.541608929	4.650587624	4.621487608	4.612589872	4.562706758	4.529289826	4.529289826	4.553202969	4.576557604	4.411264748	4.512695985	4.530257412	4.521515249	4.535081348	0.108791623
4.65601529	4.511011497	4.604321676	4.812336345	4.696076539	4.618238401	4.621195525	4.594261229	4.619225081	4.537457116	4.546452679	4.571023939	4.499600933	4.391804363	4.55635375	4.557338486	4.561267764	4.571023939	0.063857039
4.60533055	4.463766985	4.677651211	4.692425257	4.639731976	4.618246775	4.618246775	4.611312621	4.631972481	4.519631948	4.502416333	4.53457991	4.527631991	4.373979195	4.548332582	4.542461724	4.536556195	4.552227427	0.08169058
4.63611132	4.51017193	4.678832577	4.494650555	4.616522055	4.621455464	4.621455464	4.591483191	4.580264307	4.525224186	4.519295315	4.524238479	4.452706461	4.362994986	4.532097066	4.524238479	4.528175492	4.536977505	0.095246541
4.624263072	4.514421919	4.653278647	4.556251073	4.604440817	4.638876093	4.625243945	4.661821651	4.584217681	4.509703002	4.497856861	4.494873269	4.44378964	4.323645328	4.526248391	4.506754597	4.508721166	4.507738365	0.11456007
4.614374663	4.538206172	4.640782066	4.573924255	4.737319993	4.691592618	4.62325484	4.650388288	4.605414922	4.487540117	4.485571613	4.468680998	4.494399527	4.331420933	4.505084427	4.496350747	4.496350747	4.492444492	0.134731922
4.602213453	4.53372196	4.681252648	4.611200034	4.626000501	4.655911076	4.622075079	4.612193576	4.658758729	4.468131253	4.465191516	4.452351833	4.513093394	4.309403906	4.489429251	4.475928564	4.472037508	4.483665546	0.158848201
4.607397099	4.52092994	4.692493803	4.59534876	4.635928301	4.641731026	4.637866286	4.655141188	4.694325306	4.47883528	4.47883528	4.452114245	4.450106212	4.308936244	4.4807865	4.4807865	4.48855353	4.49721993	0.150280343
4.632086727	4.572921604	4.689785944	4.535022331	4.602440287	4.629161322	4.627206287	4.657088029	4.631112542	4.512274885	4.520148942	4.469887107	4.44059631	4.343692504	4.523085801	4.511286254	4.524062841	4.525038927	0.105098481
4.618286832	4.534948143	4.599352535	4.516539393	4.610358148	4.603368604	4.638805383	4.621243956	4.610358148	4.496948792	4.525965335	4.461821213	4.468110542	4.351893678	4.519038043	4.501001482	4.507049888	4.521022171	0.093308177
4.657883109	4.531644119	4.557150283	4.390859048	4.564468664	4.637757849	4.6102782	4.623130577	4.571733875	4.48201273	4.520208327	4.427262215	4.333141803	4.351988062	4.502297401	4.479961447	4.503300913	4.510297443	0.098985237
4.680380697	4.499912709	4.580980532	4.37586006	4.585070517	4.667308615	4.617201795	4.603271222	4.611255296	4.473649679	4.503592036	4.420595116	4.269821917	4.360037266	4.49271699	4.466532211	4.49072694	4.496685249	0.118538306
4.667268933	4.562326041	4.578889567	4.313543449	4.784216198	4.645415332	4.626995034	4.655926657	4.634792345	4.490297398	4.520856701	4.442107654	4.231230993	4.406828742	4.502237838	4.486285357	4.501248229	4.533399074	0.113935644
4.625188312	4.46841983	4.549872975	4.336198195	4.586202865	4.63591489	4.59634494	4.592300445	4.609377706	4.481064072	4.504780599	4.413855322	4.245341739	4.386753393	4.472023327	4.460861365	4.496937421	4.506731819	0.124321612
4.655890271	4.505376821	4.61217277	4.470522253	4.668171956	4.611179228	4.61217277	4.594136209	4.591098232	4.472924003	4.471930461	4.409378038	4.257693451	4.397669549	4.46294388	4.453875808	4.481821739	4.497447057	0.139248767
4.654944682	4.521820981	4.652086176	4.465940523	4.644423303	4.597170418	4.60420209	4.697781771	4.571645807	4.481512577	4.473552336	4.424412461	4.324052828	4.434850969	4.481512577	4.463512091	4.502111638	4.501140293	0.132649754
4.61619162	4.485341384	4.625054308	4.647352856	4.697830862	4.630919427	4.60425118	4.614211422	4.622108797	4.485952828	4.479946804	4.432661531	4.407073781	4.455555351	4.506694312	4.474914081	4.506694312	4.496871051	0.121296855
4.611232033	4.538041212	4.626032501	4.644470675	4.693260839	4.598225347	4.604249461	4.583004353	4.631891893	4.512503886	4.49320415	4.468280742	4.44917188	4.477699964	4.526490128	4.506449377	4.545163889	4.532424863	0.086728004
4.620433261	4.48111457	4.591445724	4.544732509	4.683431187	4.585341941	4.605544648	4.608540157	4.607542651	4.537341455	4.547514482	4.498774924	4.432889411	4.527063872	4.564574605	4.541423093	4.568546805	4.562582573	0.045957585
4.576910599	4.499949558	4.586127255	4.467196772	4.695150778	4.584086437	4.583064465	4.613278244	4.574850866	4.560658079	4.581192681	4.526899599	4.459208761	4.537572059	4.581192681	4.564798872	4.594317554	4.591303991	0.007988011
4.550668044	4.479561007	4.449639327	4.568460246	4.704969565	4.619027135	4.57569542	4.551723454	4.561172343	4.544976174	4.563495222	4.507954495	4.470628538	4.520802638	4.581677541	4.548086597	4.572627706	4.56654866	0.022446189
4.601170992	4.489768162	4.562271512	4.582933404	4.558087406	4.596138268	4.590065375	4.559135075	4.578835038	4.551186983	4.596718367	4.516428349	4.511054881	4.556349617	4.578753812	4.549114443	4.575728092	4.569649045	0.019400586
4.600466646	4.491190041	4.556288943	4.675937651	4.764190879	4.614438929	4.610466729	4.57501998	4.6203678	4.556669407	4.576047882	4.528469105	4.530585508	4.578066046	4.578066046	4.554607551	4.582090196	4.582090196	0.01938097
4.627614	4.530228618	4.571790273	4.514877439	4.625637714	4.654879564	4.603636827	4.561296998	4.590405082	4.584285603	4.586328504	4.553130435	4.485492883	4.620434117	4.60151867	4.577102401	4.594458631	4.59849904	0.008166563
4.572889004	4.523116953	4.536062118	4.548841844	4.724083726	4.599394124	4.593339615	4.563547992	4.623252114	4.599991907	4.585558667	4.544217327	4.531145245	4.617242462	4.608146896	4.592801327	4.614219789	4.614219789	-0.017848338
4.578006413	4.507764781	4.519819721	4.551976833	4.614337351	4.603375607	4.597345438	4.533881608	4.600365068	4.643253624	4.640181425	4.576668019	4.658474618	4.656458488	4.665499233	4.623635029	4.644275596	4.655448897	-0.060121623
4.579873062	4.358010741	4.505370535	4.641522799	4.714045275	4.543315466	4.593118289	4.528309826	4.590077232	4.642959526	4.636716009	4.588604112	4.688583251	4.677621507	4.665524586	4.62727703	4.655330818	4.656354883	-0.07443264
4.59029718	4.383516486	4.552010042	4.608406327	4.620299431	4.594349871	4.579066843	4.495595952	4.61139289	4.638782838	4.64814328	4.599353116	4.692685056	4.684732728	4.677722183	4.635643118	4.658442033	4.64814328	-0.077323907
4.578985766	4.32163969	4.555088525	4.364531255	4.542389942	4.610317283	4.580011933	4.542389942	4.542389942	4.649864967	4.650901773	4.620389148	4.576714085	4.700431856	4.679504336	4.641531585	4.659157754	4.641531585	-0.081199209
4.599403838	4.447432721	4.539219703	4.493259755	4.615388194	4.606428453	4.556187236	4.531704906	4.525218397	4.697564673	4.698620082	4.670810804	4.549904675	4.741970523	4.758002931	4.693331863	4.711198865	4.688015529	-0.145592407
4.563426918	4.347814892	4.528410078	4.457950534	4.59927305	4.564469127	4.556100878	4.53915132	4.576891647	4.686419544	4.67994703	4.642456421	4.548269206	4.701361124	4.736744628	4.688567773	4.717126033	4.694984907	-0.153699115
4.584030811	4.383360116	4.449769545	4.508743547	4.560257082	4.580961755	4.564432453	4.518606641	4.549741738	4.655762844	4.665445545	4.607026732	4.546189262	4.702233718	4.689772498	4.665445545	4.686632778	4.6792682	-0.128469938
4.554173916	4.460441438	4.576038399	4.585264503	4.557326835	4.578096013	4.559423272	4.547838097	4.599449138	4.642585414	4.654318882	4.607647363	4.576042023	4.664867503	4.679451095	4.649002548	4.664867503	4.668010512	-0.107540668
4.577221499	4.500260458	4.569993796	4.525494929	4.580303165	4.595570638	4.556430729	4.568956989	4.563756769	4.673345557	4.661748168	4.628321876	4.598269531	4.688946497	4.687913973	4.663866813	4.67961517	4.682735297	-0.114816191
4.606202072	4.366945383	4.51199019	4.559158634	4.608198081	4.567500705	4.575773761	4.546513576	4.528321528	4.714390576	4.68568047	4.661661848	4.614141595	4.732053372	4.733082709	4.705969473	4.717530296	4.712291939	-0.156279611
4.61139984	4.500057253	4.625220396	4.541412439	4.596377024	4.596377024	4.550961583	4.544605629	4.555176552	4.70999414	4.704711508	4.680045378	4.615000033	4.692990543	4.731881413	4.70999414	4.711047326	4.715249013	-0.156922852
4.600904502	4.344845618	4.582666914	4.579594715	4.554671307	4.581643896	4.546223527	4.474803838	4.608904545	4.756558423	4.748074809	4.734133564	4.656697248	4.740592144	4.757613832	4.759721314	4.761824365	4.758668128	-0.206102085
4.576857865	4.460231567	4.560259973	4.527295798	4.654047503	4.564435345	4.578913364	4.492088641	4.52187573	4.771188318	4.739715291	4.769049279	4.689987532	4.772256123	4.793376233	4.783927343	4.77011937	4.775452716	-0.232070781
4.579958982	4.485366493	4.534854326	4.638711566	4.589147408	4.590163152	4.568612806	4.512064408	4.553983495	4.77488969	4.773821885	4.781272691	4.680965956	4.784448977	4.790771443	4.790771443	4.779149548	4.77488969	-0.234684897
4.629923001	4.43799447	4.566489561	4.606229889	4.591131464	4.574771181	4.586047569	4.522935146	4.527268847	4.751432516	4.743989632	4.777570962	4.692527813	4.793947991	4.766154128	4.782717654	4.749311625	4.749311625	-0.20383124
4.604860435	4.489449584	4.569233258	4.727078068	4.588731053	4.565079565	4.594810099	4.519302547	4.481562219	4.74961042	4.724399	4.774201823	4.707231197	4.830291289	4.756845593	4.780256332	4.736033188	4.713703711	-0.181413969
4.604067361	4.504036639	4.54419396	4.774967901	4.63950414	4.612051436	4.593996783	4.473680176	4.508456535	4.75969549	4.732582255	4.792086986	4.789094465	4.868752868	4.767892257	4.80101119	4.741003357	4.712293251	-0.182025601
4.657814587	4.48531184	4.663491045	4.689563285	4.659710322	4.642517921	4.64636408	4.502081378	4.58195351	4.76849332	4.71990932	4.801948036	4.807912269	4.901509116	4.795948018	4.814825877	4.752908589	4.744496342	-0.193730391
4.685924985	4.409252198	4.59723491	4.813905947	4.657859532	4.607265084	4.668241881	4.566526253	4.573776414	4.771703024	4.729278847	4.814392433	4.823307797	4.902895235	4.809404892	4.835072638	4.7768817	4.762313284	-0.20413781
4.628005737	4.459083739	4.626048789	4.835584005	4.654056414	4.600253708	4.636764917	4.507653421	4.561314362	4.748647074	4.729477158	4.80104735	4.908208047	4.862201774	4.799043342	4.825764377	4.757050485	4.746535141	-0.196781601
4.654965302	4.476252829	4.614182951	4.872192241	4.669136536	4.612198824	4.642518995	4.485312913	4.550767024	4.745730653	4.764658663	4.795430322	4.924152187	4.836009862	4.801472636	4.840847801	4.75838905	4.744668518	-0.200257448
4.633967822	4.445211613	4.644601078	4.842821221	4.646522308	4.61928327	4.624202119	4.485470068	4.568716381	4.764547154	4.779346579	4.819454782	5.025517805	4.848269493	4.814401715	4.87246032	4.77829671	4.760278204	-0.222106589
4.645504742	4.534900488	4.561371065	4.888997004	4.602318444	4.594262005	4.646464896	4.489912101	4.575894142	4.798590711	4.811356842	4.836410344	5.020448639	4.885691306	4.874837721	4.910886437	4.8102992	4.802864222	-0.261546599
4.66766087	4.412707869	4.56980508	4.686318128	4.618446887	4.601488875	4.631223474	4.538156869	4.591377566	4.832267725	4.858626657	4.857585533	4.952895712	4.868978716	4.898407527	4.93954947	4.84500675	4.841837176	-0.29090058
4.662341578	4.367461853	4.58556761	4.809115121	4.646311061	4.58556761	4.661405687	4.4813288	4.566189136	4.810528919	4.815856582	4.841041544	4.911070148	4.835846727	4.889584946	4.914927433	4.804098028	4.811596724	-0.281050775
4.634861074	4.418972694	4.555061055	4.756305145	4.651231204	4.558210664	4.673895063	4.4774689	4.538093522	4.818388784	4.814173815	4.852500618	4.973890511	4.845361373	4.88941254	4.913603366	4.80035116	4.798207536	-0.263327728
4.65866344	4.397816051	4.558979382	4.888237882	4.644329702	4.595010043	4.655813082	4.500710474	4.573547798	4.834712313	4.837855322	4.875828073	5.095541781	4.876834616	4.90461418	4.936393455	4.824163692	4.816712885	-0.276781698