@lpm0	lpm1	lpm2	lpm3	lpm4	lpm5	lpm6	lpm7	lpm8	lfp0	lfp1	lfp2	lfp3	lfp4	lfp5	lfp6	lfp7	lfp8	llcusd@
4.631079983	4.47003794	4.543977236	3.895853737	4.515054196	4.557049317	4.530732009	4.568883775	4.520681673	4.732107412	4.575038087	4.639416749	4.129789448	4.833854851	4.595291944	4.707769927	4.644201447	4.646585238	-0.184846101
4.617450542	4.435544699	4.549719126	3.918046824	4.515779217	4.608050995	4.544141867	4.573896128	4.536281074	4.75294971	4.669190368	4.692528651	4.157971121	4.830232411	4.626990014	4.733212227	4.636794014	4.67154886	-0.179053582
4.658081055	4.443623769	4.597388274	3.926018458	4.608909139	4.644908527	4.581032769	4.612339674	4.553568357	4.788459184	4.666142862	4.720405721	4.167224585	4.885562015	4.661173908	4.76291643	4.688202581	4.690623889	-0.135845611
4.702872562	4.459064871	4.639553247	3.989061242	4.668933891	4.685499703	4.637257034	4.652089023	4.581720023	4.800191917	4.886835309	4.728119569	4.211742781	4.926523057	4.693112977	4.794657869	4.696791706	4.693112977	-0.122388788
4.687730676	4.524539601	4.652861851	4.016155981	4.788407343	4.660360547	4.621182522	4.63660133	4.566436812	4.764135519	4.614858326	4.715627164	4.212660127	4.913604618	4.657145216	4.768634964	4.672089454	4.663399145	-0.158613272
4.677632755	4.515237137	4.654301898	3.99905399	4.787699161	4.670268176	4.638076556	4.626008389	4.575063588	4.783846724	4.529026316	4.727735842	4.206252923	4.919047101	4.678238714	4.801507227	4.69541705	4.694199765	-0.166707572
4.662261136	4.520702438	4.646294857	3.884308074	4.799218543	4.669625714	4.637674114	4.650577519	4.576305168	4.784892831	4.556115462	4.740083497	4.137857002	4.915329552	4.682026082	4.808214265	4.702975708	4.705411763	-0.184709325
4.632225491	4.471562424	4.640611284	3.827852675	4.821540083	4.613096321	4.6290626	4.610948093	4.549987393	4.751011534	4.697758212	4.727051461	4.085659362	4.885810444	4.635199498	4.777709449	4.674906947	4.65649022	-0.187403046
4.631485177	4.464335895	4.627287899	3.858818712	4.812933752	4.623072929	4.624128339	4.594147506	4.559871072	4.759062925	4.616811699	4.720769958	4.122828579	4.898103973	4.634488927	4.79487793	4.671348136	4.673757776	-0.181354145
4.635335746	4.535868	4.603998768	3.860193599	4.673942523	4.592961129	4.62356461	4.613829541	4.590738906	4.786833128	4.603408428	4.727792147	4.129423373	4.950233698	4.648723624	4.809722411	4.702924081	4.705319291	-0.187234807
4.630181961	4.47283809	4.604346293	3.858584852	4.709815854	4.609784045	4.605436212	4.607612491	4.576704954	4.78364758	4.641057722	4.712516686	4.13278312	4.908419792	4.658779705	4.788067476	4.687229366	4.699350727	-0.194686205
4.620084992	4.521170441	4.574622618	3.906627119	4.667614599	4.577939371	4.595445288	4.613715544	4.575729425	4.759908226	4.575125543	4.684510209	4.163593682	4.879799528	4.619811032	4.772123814	4.685714303	4.685714303	-0.194184443
4.613220677	4.51874872	4.581269077	3.977115435	4.747406991	4.581269077	4.595240288	4.602683172	4.578017042	4.748067458	4.626778845	4.716210384	4.209230919	4.925149482	4.660343214	4.78651261	4.674906578	4.695181572	-0.200923872
4.602460029	4.534066588	4.556289725	3.939289253	4.778113725	4.55519022	4.57371936	4.5908504	4.575876858	4.755588115	4.635585322	4.721763019	4.210555059	4.935689915	4.648007842	4.777518818	4.685565255	4.705577694	-0.208128469
4.605572121	4.494103133	4.515830689	3.987123668	4.722550513	4.551389991	4.564405359	4.581499792	4.567632903	4.741024761	4.628679931	4.698756904	4.247937961	4.894216208	4.638642654	4.751041539	4.678720878	4.682285944	-0.21394536
4.60670489	4.573506821	4.47492124	4.052431946	4.750009794	4.551105884	4.541349709	4.58295571	4.546781553	4.740660355	4.590914968	4.65545349	4.292923526	4.887213657	4.643361444	4.735126306	4.645791579	4.662639149	-0.21246873
4.600210097	4.572615091	4.467830115	4.019455103	4.68056293	4.525947026	4.530280727	4.571578284	4.545302469	4.734634754	4.618629983	4.640528668	4.252953125	4.878246602	4.601259819	4.719181908	4.625982957	4.642932515	-0.217411884
4.595088892	4.482082736	4.435885145	3.945341027	4.664216163	4.552879848	4.513196357	4.573692253	4.544432068	4.752687044	4.618692224	4.658673321	4.220002627	4.895499558	4.627307662	4.72083372	4.634633702	4.653911407	-0.227527522
4.578648095	4.473516177	4.424325932	3.943459191	4.740703954	4.530166525	4.491636718	4.569345702	4.547297565	4.749279154	4.620295005	4.66795216	4.245032501	4.909540311	4.641348415	4.72365101	4.6462384	4.680993246	-0.237641769
4.580824345	4.486954939	4.400765931	3.948604642	4.871847893	4.5290431	4.474433433	4.581853681	4.545181159	4.742515811	4.667030191	4.663404809	4.265778149	4.913777174	4.673043438	4.711849012	4.633918643	4.675438649	-0.244312159
4.569021428	4.519249377	4.418822983	4.039425702	4.84292094	4.539669216	4.462282553	4.551303404	4.539669216	4.761157767	4.630259789	4.632731979	4.325938398	4.927794158	4.629021399	4.69958264	4.632731979	4.667908437	-0.24190839
4.560610799	4.555415982	4.419500798	4.13578856	4.859371176	4.53754898	4.458124674	4.543891496	4.532232646	4.741807668	4.631679125	4.630452884	4.402697487	4.918441658	4.620588439	4.679535147	4.618107048	4.66185643	-0.238782073
4.564261643	4.59899445	4.420280834	4.12173565	4.662214331	4.541127067	4.462590318	4.547489761	4.553812227	4.758586032	4.635173819	4.630204865	4.398619807	4.901248663	4.63144942	4.690609699	4.585639884	4.675252043	-0.246602959
4.562524774	4.497642905	4.412826919	4.121949955	4.639790914	4.543813209	4.459564397	4.559430393	4.546956219	4.704085179	4.626399073	4.59784344	4.388458705	4.831510767	4.592792924	4.667172107	4.617794226	4.660096606	-0.236561673
4.556438071	4.510951648	4.428651705	4.154585871	4.587992852	4.533424504	4.468956527	4.543950916	4.558504188	4.710981691	4.577762847	4.604891514	4.397439293	4.854447165	4.607321649	4.66851721	4.597565474	4.659342834	-0.210911543
4.578440026	4.550415359	4.449722296	4.139673194	4.581505946	4.532358575	4.490777092	4.538768853	4.572279842	4.695604434	4.55520331	4.60888346	4.330833517	4.841965842	4.558873039	4.638633937	4.564959485	4.6363766	-0.156835581
4.631559972	4.521946219	4.47724604	4.05390787	4.595663795	4.558430952	4.519758034	4.555264722	4.593631274	4.719402073	4.571556262	4.614611196	4.265069875	4.865166034	4.565593215	4.642687155	4.576301229	4.627061837	-0.133942449
4.64832731	4.555984917	4.486315837	3.990039994	4.596175798	4.546476129	4.528264592	4.571634689	4.588062163	4.731547183	4.578068999	4.629656367	4.190674916	4.856591604	4.588601571	4.637447169	4.569799607	4.61615785	-0.134361794
4.661141908	4.552523547	4.503996506	3.987630702	4.655460074	4.533394377	4.533394377	4.57438803	4.567152857	4.748350944	4.61082753	4.643433004	4.220110279	4.858580067	4.625575387	4.650048243	4.575940271	4.609684019	-0.140542082
4.64985539	4.572742101	4.493641054	3.965235026	4.625781045	4.510188591	4.532904548	4.571713824	4.578889662	4.74219503	4.596269434	4.631202563	4.186782487	4.842986153	4.596269434	4.637825104	4.567180705	4.608805211	-0.133121991
4.666234223	4.536441152	4.506135803	3.980549763	4.667170114	4.553354875	4.545990296	4.582282512	4.583300323	4.727676308	4.582769187	4.606220848	4.172206362	4.736435488	4.548283011	4.621555212	4.552950464	4.596237404	-0.104490339
4.666575941	4.600724468	4.551483752	4.060440137	4.714160398	4.599722966	4.556727603	4.594700354	4.600724468	4.724169962	4.621979021	4.624086503	4.190871482	4.783336939	4.576663824	4.624086503	4.531509427	4.593084555	-0.073654829
4.690531877	4.562450089	4.543640757	4.050588732	4.658136633	4.542585348	4.564518342	4.585980586	4.601033555	4.766190789	4.619192993	4.650161832	4.222367248	4.769929111	4.557686747	4.648056568	4.57597297	4.628907047	-0.103361515
4.667741376	4.569527077	4.532738904	4.081823871	4.642159688	4.544447393	4.543388631	4.573646547	4.602017245	4.775163101	4.633224879	4.641901723	4.253567655	4.760883944	4.587534481	4.645136227	4.574912397	4.621169939	-0.117765023
4.668817375	4.571443211	4.53139571	4.096468569	4.69106111	4.553725187	4.539961073	4.573507195	4.591893822	4.783481302	4.678014859	4.647905058	4.264039062	4.829134315	4.606673591	4.658762928	4.57547522	4.635823637	-0.131677569
4.644771765	4.532980359	4.512338671	4.020361013	4.681585739	4.562643551	4.532980359	4.566810224	4.598526437	4.738568625	4.618838169	4.605592942	4.169668626	4.826957133	4.577422065	4.617741076	4.542534806	4.605592942	-0.105402405
4.657266986	4.578970449	4.518410258	3.924250646	4.594316019	4.552859305	4.535783117	4.562338049	4.55602888	4.729439377	4.597142299	4.609131543	4.071217879	4.797214729	4.563694364	4.603699699	4.529088835	4.602609781	-0.079827931
4.662507692	4.544605828	4.533853036	3.854662067	4.635531104	4.553125581	4.547809247	4.546742581	4.565770639	4.739663302	4.606539601	4.614119497	4.032141174	4.805034018	4.576752512	4.611959669	4.541421202	4.615197664	-0.078106633
4.667639837	4.565113522	4.502390264	3.772875439	4.64467232	4.514592301	4.53855859	4.535324085	4.55669242	4.738724891	4.610330728	4.589621541	3.964585786	4.800353585	4.578547231	4.598393527	4.52713671	4.609251397	-0.073927312
4.665878563	4.559672739	4.499774598	3.759519339	4.634988076	4.52087477	4.535059405	4.538304405	4.533975394	4.732502635	4.629381046	4.589180086	3.954176299	4.80117525	4.569022629	4.606762957	4.532152093	4.589180086	-0.077135396
4.644788938	4.529531612	4.485325519	3.777380117	4.594407914	4.528449946	4.519754239	4.540284403	4.529531612	4.729451974	4.645729635	4.62854339	3.989178279	4.818420299	4.591011391	4.619838221	4.53669417	4.587631107	-0.101176282
4.614070188	4.516967358	4.48578443	3.712594542	4.602058032	4.50038323	4.509262311	4.531121105	4.533280933	4.706745283	4.628111201	4.590826181	3.905469802	4.800697689	4.57278736	4.591942875	4.536883098	4.585223925	-0.092675095
4.602966007	4.562899015	4.482157251	3.618437406	4.567083121	4.535267076	4.502405411	4.54385082	4.547050822	4.701200595	4.610466172	4.568096401	3.840183262	4.80795595	4.546218729	4.586155582	4.527416765	4.592844571	-0.088214464
4.5883337	4.516421119	4.485238191	3.608864067	4.5780772	4.477288121	4.510923579	4.546661004	4.551966056	4.682720208	4.608690646	4.572932646	3.836780582	4.855482115	4.561490874	4.578604811	4.516777543	4.592088161	-0.09336662
4.584278575	4.557389675	4.427744104	3.647368556	4.625263822	4.505765309	4.475510901	4.525438075	4.53191059	4.714955852	4.645371877	4.598851861	3.913801891	4.90380552	4.658587928	4.616123448	4.560977512	4.636463132	-0.144031353
4.538642218	4.521400412	4.407549851	3.668288582	4.572258829	4.481483805	4.446957936	4.534359557	4.508271121	4.712923941	4.672459153	4.597148535	3.938303949	4.902720172	4.620930868	4.63377401	4.580157835	4.647599115	-0.177491998
4.512067254	4.492110938	4.359379097	3.569642146	4.518631829	4.501029614	4.417744512	4.528398591	4.512067254	4.665280514	4.608895795	4.51277322	3.820902364	4.849062992	4.569860679	4.586607482	4.542964193	4.606572914	-0.152116168
4.52347079	4.546016028	4.348289802	3.463201856	4.592680793	4.493716529	4.419436454	4.52347079	4.511455353	4.683859936	4.60966862	4.518085442	3.750633536	4.875527355	4.580063142	4.586054772	4.553264949	4.629311077	-0.158219948
4.513055245	4.523960479	4.352855606	3.502550224	4.615120865	4.462454232	4.391977314	4.511958152	4.49869829	4.689190368	4.634352068	4.513463878	3.784043291	4.893154364	4.602276008	4.564311781	4.575135699	4.633224037	-0.149091831
4.514299054	4.505498117	4.347842222	3.511693705	4.571761669	4.4451497	4.395831227	4.529516739	4.506602479	4.65090284	4.609366814	4.487249623	3.754225777	4.853712573	4.569520906	4.528021175	4.543637108	4.595883464	-0.113863228
4.528346167	4.48981636	4.366970022	3.546796712	4.645409001	4.508716311	4.399432298	4.541221881	4.499866695	4.62364362	4.598764024	4.469136752	3.775989571	4.836477802	4.55625203	4.504657939	4.524908779	4.574372571	-0.084556212
4.540168408	4.514221006	4.373308347	3.751924472	4.660675111	4.471709012	4.414079899	4.539100602	4.512028023	4.615611799	4.603890833	4.453840346	3.907523038	4.803391596	4.522418022	4.501265647	4.528215139	4.55783006	-0.068000507
4.549793613	4.508795422	4.389634786	3.89602976	4.763164407	4.542366523	4.423784446	4.540234326	4.509896138	4.611630396	4.605274442	4.463970397	3.976931422	4.796237266	4.523370279	4.510601679	4.540523359	4.555155021	-0.060780259
4.551801994	4.528321727	4.398178602	3.875391606	4.718531456	4.481904555	4.432039152	4.534780307	4.517463857	4.581417752	4.584600779	4.452279308	3.961011282	4.722887795	4.507554988	4.484405807	4.51439652	4.530180388	-0.037027121
4.553182465	4.598504331	4.422807309	4.014938353	4.721532621	4.519971057	4.458188358	4.575069738	4.546839949	4.585374391	4.573690775	4.470227793	4.093377776	4.761162862	4.508582291	4.507441389	4.519920281	4.562949533	-0.034301632
4.532705099	4.510965112	4.414115286	4.130460606	4.769093877	4.522980549	4.447451707	4.567573925	4.544463652	4.604023922	4.610373149	4.501254997	4.206489069	4.752700135	4.522210362	4.531384738	4.556188715	4.580392317	-0.058498134
4.527312492	4.534851569	4.429729461	4.188242289	4.722167785	4.498801789	4.459091523	4.568610049	4.52947232	4.590028368	4.587893895	4.468908214	4.263949692	4.669907047	4.523925013	4.531866064	4.534123401	4.571738455	-0.048759665
4.528260341	4.493091882	4.436722734	4.268269069	4.641473315	4.562233885	4.471609993	4.552794905	4.540069389	4.616849875	4.613670222	4.513251474	4.319598351	4.739207967	4.562488666	4.55913108	4.55463669	4.583495519	-0.068278841
4.515838994	4.442151278	4.444501455	4.25227182	4.62936282	4.507057379	4.469995304	4.537461458	4.518022401	4.561552793	4.533073322	4.477090687	4.320979607	4.643421379	4.536401112	4.519650302	4.503758934	4.533073322	-0.03376363
4.536925719	4.484166231	4.44855075	4.365677529	4.603202557	4.548634208	4.493155056	4.56542369	4.54226476	4.562723183	4.556373956	4.483734772	4.386710796	4.671558667	4.504074456	4.517407987	4.522911578	4.540322247	-0.0109194
4.549900733	4.574954236	4.512201061	4.398389274	4.643672155	4.492244745	4.52961173	4.593340862	4.560416077	4.589343466	4.594479584	4.531033362	4.422757392	4.676097343	4.563259566	4.563259566	4.586249085	4.587281609	-0.013358833
4.558181833	4.63774063	4.522978197	4.490984294	4.702400151	4.562365939	4.540201443	4.595223104	4.573782773	4.560056181	4.564162963	4.519105577	4.467417327	4.658914119	4.557996448	4.541364048	4.552828478	4.559026845	0.016817785
4.589074556	4.489793086	4.548633586	4.550747752	4.705049272	4.625006565	4.556013693	4.60720194	4.576804463	4.553748727	4.530121537	4.518621149	4.48765231	4.640252361	4.554763441	4.538403158	4.548659658	4.54251839	0.036341572
4.602485695	4.586307384	4.575030996	4.435887419	4.677810865	4.625292831	4.568826219	4.598465589	4.588344045	4.547656659	4.53554753	4.52534336	4.395176265	4.597544753	4.543636553	4.52534336	4.536562243	4.521232357	0.054829036
4.63200054	4.554065315	4.600346068	4.493309106	4.652242195	4.614318351	4.607356612	4.611340681	4.585155902	4.518347233	4.489272503	4.509414171	4.433847969	4.557111776	4.527201201	4.508416664	4.50140612	4.49434608	0.098939948
4.607268796	4.629963406	4.599252721	4.574811586	4.615221125	4.642566578	4.600258252	4.600258252	4.597238622	4.557002488	4.55500847	4.549002446	4.540937886	4.571832221	4.55500847	4.551008464	4.547997925	4.54194952	0.052260327
4.586111394	4.605294213	4.597262041	4.605294213	4.509884028	4.613262383	4.609286234	4.60329221	4.609286234	4.528831004	4.522727222	4.537917387	4.541929429	4.487417219	4.5548585	4.542929929	4.537917387	4.541929429	0.062364284
4.608251577	4.538047318	4.624077822	4.577884871	4.52621286	4.605256068	4.624077822	4.596215323	4.623095986	4.496275098	4.50130276	4.519195882	4.527046756	4.448794559	4.506305272	4.511282883	4.510289341	4.510289341	0.100948798
4.612408272	4.581139965	4.635961863	4.717868087	4.540360661	4.597400486	4.638867434	4.601424636	4.631100405	4.467334631	4.496922588	4.494977062	4.599363394	4.429594303	4.472327153	4.492051658	4.488137759	4.487156886	0.137097526
4.625363545	4.636090122	4.682521959	4.759997271	4.556370673	4.654351082	4.672284549	4.63025353	4.647662093	4.47046397	4.483103905	4.510737869	4.609970626	4.415145695	4.474370225	4.493675844	4.484069622	4.478261281	0.156858439
4.630950969	4.676673219	4.685018191	4.786771099	4.558191615	4.620171835	4.658823989	4.616223163	4.643541935	4.471897388	4.481634564	4.516859529	4.613104725	4.381857056	4.469938524	4.492237073	4.472875384	4.488394609	0.155147326
4.647715435	4.7135714	4.67420705	4.761762941	4.554320964	4.603612256	4.650587624	4.605614259	4.621487608	4.529289826	4.529289826	4.553202969	4.576557604	4.411264748	4.512695985	4.530257412	4.521515249	4.535081348	0.108791623
4.585119469	4.656965409	4.663591084	4.517583262	4.540250179	4.582053549	4.605322176	4.615272507	4.630014789	4.537457116	4.546452679	4.571023939	4.499600933	4.391804363	4.55635375	4.557338486	4.561267764	4.571023939	0.063857039
4.612306164	4.58614773	4.649347435	4.556140306	4.436911898	4.582061923	4.626113089	4.615280881	4.630023162	4.519631948	4.502416333	4.53457991	4.527631991	4.373979195	4.548332582	4.542461724	4.536556195	4.552227427	0.08169058
4.649599001	4.641914044	4.647683291	4.506866142	4.474333829	4.610569657	4.617510686	4.622439232	4.631249862	4.525224186	4.519295315	4.524238479	4.452706461	4.362994986	4.532097066	4.524238479	4.528175492	4.536977505	0.095246541
4.647542493	4.621314666	4.647542493	4.490030466	4.482143101	4.646583261	4.617369888	4.611423389	4.614401059	4.509703002	4.497856861	4.494873269	4.44378964	4.323645328	4.526248391	4.506754597	4.508721166	4.507738365	0.11456007
4.632056853	4.581122229	4.636913589	4.591315998	4.449930019	4.631082669	4.625217549	4.616354862	4.627176414	4.487540117	4.485571613	4.468680998	4.494399527	4.331420933	4.505084427	4.496350747	4.496350747	4.492444492	0.134731922
4.638652738	4.645399752	4.638652738	4.649234848	4.481919746	4.680325435	4.645399752	4.62305788	4.654960054	4.468131253	4.465191516	4.452351833	4.513093394	4.309403906	4.489429251	4.475928564	4.472037508	4.483665546	0.158848201
4.642694881	4.655141188	4.626181636	4.582130469	4.464986943	4.645580886	4.638833872	4.635928301	4.667434487	4.47883528	4.47883528	4.452114245	4.450106212	4.308936244	4.4807865	4.4807865	4.48855353	4.49721993	0.150280343
4.617373366	4.591345871	4.59539446	4.523149553	4.465032642	4.57910082	4.608440305	4.634032252	4.645626585	4.512274885	4.520148942	4.469887107	4.44059631	4.343692504	4.523085801	4.511286254	4.524062841	4.525038927	0.105098481
4.568706623	4.668345406	4.572847415	4.537091766	4.471839214	4.610358148	4.58210198	4.626153146	4.615320938	4.496948792	4.525965335	4.461821213	4.468110542	4.351893678	4.519038043	4.501001482	4.507049888	4.521022171	0.093308177
4.560293293	4.661670992	4.541285329	4.395803434	4.503257933	4.579972851	4.557150283	4.612266273	4.624112413	4.48201273	4.520208327	4.427262215	4.333141803	4.351988062	4.502297401	4.479961447	4.503300913	4.510297443	0.098985237
4.580980532	4.689614373	4.555032008	4.305518571	4.56445123	4.566532396	4.56860924	4.624094979	4.617201795	4.473649679	4.503592036	4.420595116	4.269821917	4.360037266	4.49271699	4.466532211	4.49072694	4.496685249	0.118538306
4.58910416	4.653070872	4.558141935	4.265556175	4.550777357	4.558141935	4.577862346	4.626995034	4.649250428	4.490297398	4.520856701	4.442107654	4.231230993	4.406828742	4.502237838	4.486285357	4.501248229	4.533399074	0.113935644
4.581092992	4.646527628	4.553039204	4.30832645	4.542445885	4.574926477	4.560388319	4.623225603	4.642681469	4.481064072	4.504780599	4.413855322	4.245341739	4.386753393	4.472023327	4.460861365	4.496937421	4.506731819	0.124321612
4.603195154	4.594136209	4.55179638	4.338624047	4.603195154	4.611179228	4.566456328	4.640564301	4.653034486	4.472924003	4.471930461	4.409378038	4.257693451	4.397669549	4.46294388	4.453875808	4.481821739	4.497447057	0.139248767
4.611184662	4.64538438	4.553909296	4.389531054	4.594141643	4.622059707	4.570611145	4.635731795	4.634761392	4.481512577	4.473552336	4.424412461	4.324052828	4.434850969	4.481512577	4.463512091	4.502111638	4.501140293	0.132649754
4.599233608	4.566510852	4.56547081	4.509841495	4.64543347	4.61619162	4.570660235	4.628968207	4.626034219	4.485952828	4.479946804	4.432661531	4.407073781	4.455555351	4.506694312	4.474914081	4.506694312	4.496871051	0.121296855
4.581981335	4.628966488	4.557109586	4.53375396	4.568585977	4.621123311	4.570658517	4.634808764	4.62308988	4.512503886	4.49320415	4.468280742	4.44917188	4.477699964	4.526490128	4.506449377	4.545163889	4.532424863	0.086728004
4.554251354	4.665698571	4.554251354	4.453558291	4.605544648	4.61152672	4.563680444	4.612520262	4.629261175	4.537341455	4.547514482	4.498774924	4.432889411	4.527063872	4.564574605	4.541423093	4.568546805	4.562582573	0.045957585
4.527348532	4.628049561	4.524100019	4.446314342	4.588163915	4.622167191	4.542370274	4.616250014	4.611292146	4.560658079	4.581192681	4.526899599	4.459208761	4.537572059	4.581192681	4.564798872	4.594317554	4.591303991	0.007988011
4.529322517	4.619027135	4.530400684	4.451973051	4.553830936	4.591025306	4.545374226	4.606123731	4.612099844	4.544976174	4.563495222	4.507954495	4.470628538	4.520802638	4.581677541	4.548086597	4.572627706	4.56654866	0.022446189
4.53260832	4.612154627	4.521797404	4.511966631	4.590065375	4.606178513	4.541173683	4.595128677	4.610166555	4.551186983	4.596718367	4.516428349	4.511054881	4.556349617	4.578753812	4.549114443	4.575728092	4.569649045	0.019400586
4.548908836	4.658071638	4.527517646	4.547850075	4.559435249	4.613447357	4.552078411	4.637946378	4.610466729	4.556669407	4.576047882	4.528469105	4.530585508	4.578066046	4.578066046	4.554607551	4.582090196	4.582090196	0.01938097
4.55494777	4.629586387	4.543201773	4.467357187	4.632537693	4.587326578	4.56550753	4.62860068	4.627614	4.584285603	4.586328504	4.553130435	4.485492883	4.620434117	4.60151867	4.577102401	4.594458631	4.59849904	0.008166563
4.545662192	4.620300808	4.516580982	4.440537553	4.594351249	4.571855412	4.55095601	4.613380366	4.625214823	4.599991907	4.585558667	4.544217327	4.531145245	4.617242462	4.608146896	4.592801327	4.614219789	4.614219789	-0.017848338
4.549864899	4.631045356	4.51106693	4.572854418	4.601369588	4.610365151	4.539237807	4.610365151	4.627139101	4.643253624	4.640181425	4.576668019	4.658474618	4.656458488	4.665499233	4.623635029	4.644275596	4.655448897	-0.060121623
4.525064825	4.60519087	4.494259309	4.596150125	4.619093775	4.614150611	4.529389156	4.601182848	4.611172942	4.642959526	4.636716009	4.588604112	4.688583251	4.677621507	4.665524586	4.62727703	4.655330818	4.656354883	-0.07443264
4.520941662	4.605410818	4.501160797	4.61437056	4.592325579	4.638845594	4.526367611	4.582142191	4.59029718	4.638782838	4.64814328	4.599353116	4.692685056	4.684732728	4.677722183	4.635643118	4.658442033	4.64814328	-0.077323907
4.537050901	4.653167071	4.520860585	4.467216439	4.631971672	4.636828409	4.537050901	4.595279406	4.57280655	4.649864967	4.650901773	4.620389148	4.576714085	4.700431856	4.679504336	4.641531585	4.659157754	4.641531585	-0.081199209
4.515409054	4.663753519	4.505502534	4.331991607	4.617368393	4.667523552	4.525218397	4.591314815	4.553027676	4.697564673	4.698620082	4.670810804	4.549904675	4.741970523	4.758002931	4.693331863	4.711198865	4.688015529	-0.145592407
4.488757306	4.513175833	4.474042835	4.342626813	4.612266736	4.557150747	4.502150363	4.575862311	4.565510252	4.686419544	4.67994703	4.642456421	4.548269206	4.701361124	4.736744628	4.688567773	4.717126033	4.694984907	-0.153699115
4.485344151	4.550798262	4.45791386	4.375841283	4.637721638	4.559210509	4.499893932	4.58505174	4.583008839	4.655762844	4.665445545	4.607026732	4.546189262	4.702233718	4.689772498	4.665445545	4.686632778	4.6792682	-0.128469938
4.498994966	4.622324327	4.458126622	4.433491945	4.620355823	4.552066433	4.502326451	4.559423272	4.590353572	4.642585414	4.654318882	4.607647363	4.576042023	4.664867503	4.679451095	4.649002548	4.664867503	4.668010512	-0.107540668
4.523325731	4.571029529	4.480057751	4.448967163	4.684432154	4.569993796	4.513505685	4.561669086	4.584397337	4.673345557	4.661748168	4.628321876	4.598269531	4.688946497	4.687913973	4.663866813	4.67961517	4.682735297	-0.114816191
4.523992517	4.611184644	4.487544529	4.418872994	4.649219457	4.5991845	4.510891893	4.577831375	4.570611127	4.714390576	4.68568047	4.661661848	4.614141595	4.732053372	4.733082709	4.705969473	4.717530296	4.712291939	-0.156279611
4.50780494	4.629134295	4.48098769	4.416675644	4.571860985	4.582149142	4.51330248	4.560420403	4.579073793	4.70999414	4.704711508	4.680045378	4.615000033	4.692990543	4.731881413	4.70999414	4.711047326	4.715249013	-0.156922852
4.521530914	4.684647491	4.485002227	4.408897639	4.560960636	4.539840527	4.509502339	4.555722279	4.590813599	4.756558423	4.748074809	4.734133564	4.656697248	4.740592144	4.757613832	4.759721314	4.761824365	4.758668128	-0.206102085
4.485347043	4.669170665	4.479694116	4.423735463	4.58301173	4.556067095	4.508746439	4.555016123	4.58301173	4.771188318	4.739715291	4.769049279	4.689987532	4.772256123	4.793376233	4.783927343	4.77011937	4.775452716	-0.232070781
4.507663961	4.548706438	4.479713567	4.399481877	4.567574923	4.546587794	4.525150745	4.55293031	4.569649612	4.77488969	4.773821885	4.781272691	4.680965956	4.784448977	4.790771443	4.790771443	4.779149548	4.77488969	-0.234684897
4.519672501	4.611212461	4.509820204	4.450913028	4.633817846	4.564408394	4.566489561	4.563366185	4.573739722	4.751432516	4.743989632	4.777570962	4.692527813	4.793947991	4.766154128	4.782717654	4.749311625	4.749311625	-0.20383124
4.551459659	4.564038441	4.536581595	4.496161018	4.676250431	4.574401228	4.604860435	4.557768828	4.552513955	4.74961042	4.724399	4.774201823	4.707231197	4.830291289	4.756845593	4.780256332	4.736033188	4.713703711	-0.181413969
4.56940538	4.578698167	4.567328536	4.587905393	4.740600257	4.562117477	4.623909282	4.567328536	4.562117477	4.75969549	4.732582255	4.792086986	4.789094465	4.868752868	4.767892257	4.80101119	4.741003357	4.712293251	-0.182025601
4.561270249	4.55498092	4.565441267	4.598197522	4.765638858	4.626004676	4.631864068	4.553928842	4.57785094	4.76849332	4.71990932	4.801948036	4.807912269	4.901509116	4.795948018	4.814825877	4.752908589	4.744496342	-0.193730391
4.553973787	4.549754372	4.550810896	4.584043445	4.767385931	4.628006569	4.630934828	4.570675637	4.599249009	4.771703024	4.729278847	4.814392433	4.823307797	4.902895235	4.809404892	4.835072638	4.7768817	4.762313284	-0.20413781
4.527304708	4.496566833	4.558174642	4.672924898	4.716807624	4.675724713	4.648325739	4.556076005	4.58608343	4.748647074	4.729477158	4.80104735	4.908208047	4.862201774	4.799043342	4.825764377	4.757050485	4.746535141	-0.196781601
4.530499664	4.6376904	4.544411071	4.672881858	4.698713553	4.595172874	4.641555139	4.556032966	4.572700018	4.745730653	4.764658663	4.795430322	4.924152187	4.836009862	4.801472636	4.840847801	4.75838905	4.744668518	-0.200257448
4.527418824	4.584156729	4.536030287	4.758959453	4.686038268	4.609372386	4.663649273	4.562472864	4.573889698	4.764547154	4.779346579	4.819454782	5.025517805	4.848269493	4.814401715	4.87246032	4.77829671	4.760278204	-0.222106589
4.516491739	4.592237713	4.53275226	4.733716167	4.653160282	4.583077344	4.656016067	4.564500958	4.575894142	4.798590711	4.811356842	4.836410344	5.020448639	4.885691306	4.874837721	4.910886437	4.8102992	4.802864222	-0.261546599
4.515391659	4.639974138	4.516487549	4.606506447	4.620423173	4.595434366	4.66766087	4.567726077	4.599474776	4.832267725	4.858626657	4.857585533	4.952895712	4.868978716	4.898407527	4.93954947	4.84500675	4.841837176	-0.29090058
4.498005117	4.541161761	4.490257431	4.54537673	4.616400486	4.592613437	4.63675989	4.533742543	4.57439431	4.810528919	4.815856582	4.841041544	4.911070148	4.835846727	4.889584946	4.914927433	4.804098028	4.811596724	-0.281050775
4.534879808	4.578958297	4.524092216	4.651231204	4.680409744	4.655995386	4.653139601	4.559258333	4.577931075	4.818388784	4.814173815	4.852500618	4.973890511	4.845361373	4.88941254	4.913603366	4.80035116	4.798207536	-0.263327728
4.549500638	4.639505766	4.544195586	4.766487711	4.73358431	4.591972066	4.660559175	4.564206786	4.583825381	4.834712313	4.837855322	4.875828073	5.095541781	4.876834616	4.90461418	4.936393455	4.824163692	4.816712885	-0.276781698