@lpm0	lpm1	lpm2	lpm3	lpm4	lpm5	lpm6	lpm7	lpm8	lfp0	lfp1	lfp2	lfp3	lfp4	lfp5	lfp6	lfp7	lfp8	llcusd@
4.501157417	4.437697063	4.420305321	3.857467975	4.587899071	4.515083727	4.481548946	4.479346302	4.394237494	4.732107412	4.575038087	4.639416749	4.129789448	4.833854851	4.595291944	4.707769927	4.644201447	4.646585238	-0.243979495
4.485536736	4.44892699	4.478979335	3.873939422	4.587951741	4.49421358	4.455683773	4.451184328	4.410925872	4.75294971	4.669190368	4.692528651	4.157971121	4.830232411	4.626990014	4.733212227	4.636794014	4.67154886	-0.264150329
4.483726429	4.462103965	4.418545991	3.823196553	4.638029886	4.462103965	4.455524994	4.427636962	4.37300397	4.788459184	4.666142862	4.720405721	4.167224585	4.885562015	4.661173908	4.76291643	4.688202581	4.690623889	-0.329639294
4.463963656	4.400950688	4.372680254	3.869392853	4.661257983	4.473730418	4.465053574	4.409047898	4.342356524	4.800191917	4.886835309	4.728119569	4.211742781	4.926523057	4.693112977	4.794657869	4.696791706	4.693112977	-0.348296428
4.406688345	4.39149226	4.405527579	3.873969743	4.601117285	4.475062309	4.442019655	4.398534543	4.351847429	4.764135519	4.614858326	4.715627164	4.212660127	4.913604618	4.657145216	4.768634964	4.672089454	4.663399145	-0.328857463
4.42491456	4.435136114	4.413433378	3.841910959	4.641644897	4.479342207	4.467379041	4.459690919	4.37338091	4.783846724	4.529026316	4.727735842	4.206252923	4.919047101	4.678238714	4.801507227	4.69541705	4.694199765	-0.334128186
4.425952683	4.393429491	4.371948951	3.756522029	4.615864409	4.484760529	4.453011831	4.437316441	4.364684997	4.784892831	4.556115462	4.740083497	4.137857002	4.915329552	4.682026082	4.808214265	4.702975708	4.705411763	-0.341942572
4.422103192	4.427873548	4.364944778	3.780827842	4.582188607	4.47507332	4.469569729	4.419785694	4.385564065	4.751011534	4.697758212	4.727051461	4.085659362	4.885810444	4.635199498	4.777709449	4.674906947	4.65649022	-0.302636129
4.462718603	4.417256229	4.425362817	3.798050894	4.655173826	4.456029615	4.496583117	4.448168822	4.402024535	4.759062925	4.616811699	4.720769958	4.122828579	4.898103973	4.634488927	4.79487793	4.671348136	4.673757776	-0.290804141
4.464855815	4.444855149	4.421003933	3.768402847	4.641845987	4.458233275	4.48661946	4.464855815	4.418702436	4.786833128	4.603408428	4.727792147	4.129423373	4.950233698	4.648723624	4.809722411	4.702924081	4.705319291	-0.324179957
4.442016431	4.436357106	4.412231869	3.799485114	4.640941298	4.462128841	4.474223545	4.435221388	4.39581884	4.78364758	4.641057722	4.712516686	4.13278312	4.908419792	4.658779705	4.788067476	4.687229366	4.699350727	-0.322625546
4.462013461	4.429334497	4.40381107	3.879975209	4.648575828	4.438456567	4.469744035	4.445243923	4.40381107	4.759908226	4.575125543	4.684510209	4.163593682	4.879799528	4.619811032	4.772123814	4.685714303	4.685714303	-0.305685567
4.463549341	4.35062102	4.431908283	3.884842574	4.646056272	4.444458362	4.475710906	4.473510685	4.411025854	4.748067458	4.626778845	4.716210384	4.209230919	4.925149482	4.660343214	4.78651261	4.674906578	4.695181572	-0.291214571
4.474009095	4.435845092	4.453986179	3.883354887	4.657614703	4.447221779	4.474009095	4.47069966	4.403284076	4.755588115	4.635585322	4.721763019	4.210555059	4.935689915	4.648007842	4.777518818	4.685565255	4.705577694	-0.288208878
4.478435737	4.419595237	4.414922332	3.982155825	4.618675349	4.450578783	4.465161206	4.472926082	4.409050324	4.741024761	4.628679931	4.698756904	4.247937961	4.894216208	4.638642654	4.751041539	4.678720878	4.682285944	-0.280327848
4.494703588	4.470499987	4.444553805	4.031632396	4.624014129	4.474944438	4.464916499	4.467153637	4.396563321	4.740660355	4.590914968	4.65545349	4.292923526	4.887213657	4.643361444	4.735126306	4.645791579	4.662639149	-0.26129113
4.524697913	4.453356645	4.439610724	4.006073597	4.640595934	4.46354349	4.46579321	4.471395465	4.407973639	4.734634754	4.618629983	4.640528668	4.252953125	4.878246602	4.601259819	4.719181908	4.625982957	4.642932515	-0.243327126
4.533159632	4.434900841	4.458970771	3.965361141	4.652926912	4.473585983	4.466867033	4.50001924	4.412612528	4.752687044	4.618692224	4.658673321	4.220002627	4.895499558	4.627307662	4.72083372	4.634633702	4.653911407	-0.247247737
4.533477361	4.459369389	4.468378459	3.979361129	4.662402573	4.465009562	4.447992702	4.489455224	4.438797235	4.749279154	4.620295005	4.66795216	4.245032501	4.909540311	4.641348415	4.72365101	4.6462384	4.680993246	-0.262021733
4.510474099	4.431500339	4.447574164	3.99249281	4.624566435	4.467867983	4.428022075	4.467867983	4.434966547	4.742515811	4.667030191	4.663404809	4.265778149	4.913777174	4.673043438	4.711849012	4.633918643	4.675438649	-0.276882465
4.50616094	4.348768766	4.452992272	4.090939657	4.658923695	4.476602138	4.418266561	4.439246351	4.434622066	4.761157767	4.630259789	4.632731979	4.325938398	4.927794158	4.629021399	4.69958264	4.632731979	4.667908437	-0.261490356
4.509318216	4.392346539	4.447949269	4.145194448	4.677287632	4.445645121	4.42348678	4.475192725	4.443335651	4.741807668	4.631679125	4.630452884	4.402697487	4.918441658	4.620588439	4.679535147	4.618107048	4.66185643	-0.246658626
4.518379161	4.5205297	4.442364927	4.118816941	4.680036579	4.465328049	4.409304065	4.438874522	4.442364927	4.758586032	4.635173819	4.630204865	4.398619807	4.901248663	4.63144942	4.690609699	4.585639884	4.675252043	-0.257579729
4.501512554	4.517879532	4.417796073	4.156866186	4.67388378	4.458809437	4.420185561	4.454206437	4.422569352	4.704085179	4.626399073	4.59784344	4.388458705	4.831510767	4.592792924	4.667172107	4.617794226	4.660096606	-0.231592519
4.528055763	4.561957315	4.465813454	4.203793168	4.693533673	4.486245493	4.501853391	4.489610611	4.469247917	4.710981691	4.577762847	4.604891514	4.397439293	4.854447165	4.607321649	4.66851721	4.597565474	4.659342834	-0.198127089
4.555223232	4.546793256	4.517805719	4.125327806	4.717584752	4.511248319	4.475530236	4.510151226	4.507953423	4.695604434	4.55520331	4.60888346	4.330833517	4.841965842	4.558873039	4.638633937	4.564959485	4.6363766	-0.155180627
4.577390482	4.590635709	4.552467074	4.056255489	4.751128295	4.507298105	4.489539592	4.530137597	4.496236045	4.719402073	4.571556262	4.614611196	4.265069875	4.865166034	4.565593215	4.642687155	4.576301229	4.627061837	-0.142011591
4.58358263	4.554504777	4.561853891	4.012644025	4.753545636	4.539642508	4.49815184	4.52780805	4.483553041	4.731547183	4.578068999	4.629656367	4.190674916	4.856591604	4.588601571	4.637447169	4.569799607	4.61615785	-0.133736671
4.588965698	4.631779604	4.545299718	4.031636206	4.752806236	4.569447873	4.506291522	4.510701672	4.467998555	4.748350944	4.61082753	4.643433004	4.220110279	4.858580067	4.625575387	4.650048243	4.575940271	4.609684019	-0.138247065
4.567115963	4.642414943	4.582636192	4.016582889	4.722308852	4.525598558	4.50028075	4.556633687	4.49469102	4.74219503	4.596269434	4.631202563	4.186782487	4.842986153	4.596269434	4.637825104	4.567180705	4.608805211	-0.124255122
4.595153042	4.610374036	4.54911981	4.074394129	4.754548489	4.555523247	4.525283362	4.568208407	4.530750844	4.727676308	4.582769187	4.606220848	4.172206362	4.736435488	4.548283011	4.621555212	4.552950464	4.596237404	-0.08753817
4.625584476	4.60558381	4.621616217	4.116407658	4.771782828	4.580006968	4.56117796	4.584143478	4.549494343	4.724169962	4.621979021	4.624086503	4.190871482	4.783336939	4.576663824	4.624086503	4.531509427	4.593084555	-0.059745652
4.620107275	4.657112471	4.596009724	4.069134584	4.763141979	4.576511928	4.545999303	4.580648439	4.55768292	4.766190789	4.619192993	4.650161832	4.222367248	4.769929111	4.557686747	4.648056568	4.57597297	4.628907047	-0.088263943
4.61340311	4.570583113	4.553775995	4.11217862	4.734507305	4.536681562	4.531279063	4.534524063	4.533443566	4.775163101	4.633224879	4.641901723	4.253567655	4.760883944	4.587534481	4.645136227	4.574912397	4.621169939	-0.10737766
4.619728616	4.540017529	4.60570033	4.095547201	4.775157796	4.562394594	4.530271918	4.547532325	4.516025102	4.783481302	4.678014859	4.647905058	4.264039062	4.829134315	4.606673591	4.658762928	4.57547522	4.635823637	-0.120902897
4.59265092	4.513970611	4.555146525	4.002407252	4.772754614	4.536934988	4.500607383	4.493858201	4.497238486	4.738568625	4.618838169	4.605592942	4.169668626	4.826957133	4.577422065	4.617741076	4.542534806	4.605592942	-0.096056929
4.602379295	4.638204022	4.573600331	3.99370735	4.819221372	4.543968533	4.518953635	4.521153855	4.521153855	4.729439377	4.597142299	4.609131543	4.071217879	4.797214729	4.563694364	4.603699699	4.529088835	4.602609781	-0.073793053
4.624701451	4.544328656	4.576010292	4.00041512	4.808671813	4.583260453	4.522635832	4.536789579	4.536789579	4.739663302	4.606539601	4.614119497	4.032141174	4.805034018	4.576752512	4.611959669	4.541421202	4.615197664	-0.07517009
4.624804482	4.546332866	4.557016729	3.940555037	4.778245589	4.562316158	4.518008533	4.525713579	4.533359711	4.738724891	4.610330728	4.589621541	3.964585786	4.800353585	4.578547231	4.598393527	4.52713671	4.609251397	-0.068303573
4.652793523	4.587997569	4.570334772	3.93422953	4.798914255	4.552354383	4.516500461	4.5231157	4.526406981	4.732502635	4.629381046	4.589180086	3.954176299	4.80117525	4.569022629	4.606762957	4.532152093	4.589180086	-0.074894466
4.617411927	4.524782048	4.536706309	3.908232339	4.770141546	4.535628142	4.50495761	4.50495761	4.506069339	4.729451974	4.645729635	4.62854339	3.989178279	4.818420299	4.591011391	4.619838221	4.53669417	4.587631107	-0.09723958
4.6070834	4.551168215	4.531812772	3.86966754	4.794761515	4.553295876	4.490809799	4.523088617	4.517597115	4.706745283	4.628111201	4.590826181	3.905469802	4.800697689	4.57278736	4.591942875	4.536883098	4.585223925	-0.087649726
4.613009276	4.618997318	4.501960273	3.863233483	4.783752551	4.508649261	4.48276149	4.508649261	4.530628168	4.701200595	4.610466172	4.568096401	3.840183262	4.80795595	4.546218729	4.586155582	4.527416765	4.592844571	-0.084195309
4.593338788	4.494863564	4.48013242	3.827259138	4.814645792	4.554892495	4.474408305	4.458204247	4.531311552	4.682720208	4.608690646	4.572932646	3.836780582	4.855482115	4.561490874	4.578604811	4.516777543	4.592088161	-0.08938142
4.57756622	4.499157851	4.484526189	3.813801472	4.825200791	4.501389995	4.46737311	4.470827345	4.524531524	4.714955852	4.645371877	4.598851861	3.913801891	4.90380552	4.658587928	4.616123448	4.560977512	4.636463132	-0.138423224
4.559815824	4.467847334	4.424489635	3.80852525	4.787967733	4.499452674	4.43757727	4.443470039	4.479249967	4.712923941	4.672459153	4.597148535	3.938303949	4.902720172	4.620930868	4.63377401	4.580157835	4.647599115	-0.177460829
4.54763784	4.455503947	4.394370475	3.736442478	4.768445686	4.488668793	4.422403999	4.430782264	4.447331105	4.665280514	4.608895795	4.51277322	3.820902364	4.849062992	4.569860679	4.586607482	4.542964193	4.606572914	-0.151068967
4.577785041	4.470481334	4.449671335	3.720848552	4.742306076	4.484117909	4.420030754	4.446160506	4.484117909	4.683859936	4.60966862	4.518085442	3.750633536	4.875527355	4.580063142	4.586054772	4.553264949	4.629311077	-0.158829743
4.562263033	4.495355668	4.456670526	3.723281229	4.817050893	4.489759683	4.400603368	4.42004505	4.470495631	4.689190368	4.634352068	4.513463878	3.784043291	4.893154364	4.602276008	4.564311781	4.575135699	4.633224037	-0.149091831
4.567616585	4.489907601	4.421395614	3.650806508	4.761467135	4.521936843	4.405647257	4.424994898	4.480888374	4.65090284	4.609366814	4.487249623	3.754225777	4.853712573	4.569520906	4.528021175	4.543637108	4.595883464	-0.113863228
4.56231971	4.463663647	4.421304373	3.728157192	4.751057659	4.49429565	4.403111027	4.424903657	4.528346167	4.62364362	4.598764024	4.469136752	3.775989571	4.836477802	4.55625203	4.504657939	4.524908779	4.574372571	-0.084556212
4.582994796	4.549727695	4.414079899	3.881634016	4.789227241	4.529438691	4.432076785	4.46367684	4.49876816	4.615611799	4.603890833	4.453840346	3.907523038	4.803391596	4.522418022	4.501265647	4.528215139	4.55783006	-0.068000507
4.579988515	4.549793613	4.472917135	3.924087713	4.773359908	4.493256819	4.450988962	4.493256819	4.518658516	4.611630396	4.605274442	4.463970397	3.976931422	4.796237266	4.523370279	4.510601679	4.540523359	4.555155021	-0.060780259
4.577831574	4.513087482	4.498730526	3.929895509	4.731835422	4.526159564	4.453216414	4.489791919	4.526159564	4.581417752	4.584600779	4.452279308	3.961011282	4.722887795	4.507554988	4.484405807	4.51439652	4.530180388	-0.037027121
4.590415308	4.600516404	4.467415643	4.114505949	4.768497774	4.563664741	4.47542026	4.514509547	4.559485007	4.585374391	4.573690775	4.470227793	4.093377776	4.761162862	4.508582291	4.507441389	4.519920281	4.562949533	-0.034301632
4.579957984	4.551875015	4.480845713	4.177565075	4.660710499	4.522980549	4.46716249	4.528394747	4.542335992	4.604023922	4.610373149	4.501254997	4.206489069	4.752700135	4.522210362	4.531384738	4.556188715	4.580392317	-0.058498134
4.582005406	4.533778032	4.485363737	4.257133992	4.616213973	4.528392989	4.489863182	4.513158744	4.535923955	4.590028368	4.587893895	4.468908214	4.263949692	4.669907047	4.523925013	4.531866064	4.534123401	4.571738455	-0.048759665
4.579823578	4.533645384	4.471609993	4.273855676	4.683952566	4.527179844	4.496441969	4.496441969	4.567439518	4.616849875	4.613670222	4.513251474	4.319598351	4.739207967	4.562488666	4.55913108	4.55463669	4.583495519	-0.068278841
4.559672842	4.527789163	4.497084997	4.319651253	4.610652279	4.528868494	4.502637482	4.492620704	4.5147455	4.561552793	4.533073322	4.477090687	4.320979607	4.643421379	4.536401112	4.519650302	4.503758934	4.533073322	-0.03376363
4.568540576	4.546515564	4.483036926	4.369482226	4.667239951	4.506488587	4.505384225	4.545454555	4.515279852	4.562723183	4.556373956	4.483734772	4.386710796	4.671558667	4.504074456	4.517407987	4.522911578	4.540322247	-0.0109194
4.569786266	4.555172227	4.531766903	4.465001289	4.679592841	4.537134602	4.539273641	4.541408113	4.565632573	4.589343466	4.594479584	4.531033362	4.422757392	4.676097343	4.563259566	4.563259566	4.586249085	4.587281609	-0.013358833
4.580980748	4.555032224	4.573782773	4.546584444	4.663542348	4.570681995	4.553980146	4.573782773	4.559229502	4.560056181	4.564162963	4.519105577	4.467417327	4.658914119	4.557996448	4.541364048	4.552828478	4.559026845	0.016817785
4.579886129	4.554962721	4.553910643	4.56125205	4.667239328	4.576804463	4.579886129	4.564381943	4.546514941	4.553748727	4.530121537	4.518621149	4.48765231	4.640252361	4.554763441	4.538403158	4.548659658	4.54251839	0.036341572
4.599472132	4.599472132	4.585287497	4.454667314	4.659978389	4.611472276	4.582221577	4.611472276	4.5436148	4.547656659	4.53554753	4.52534336	4.395176265	4.597544753	4.543636553	4.52534336	4.536562243	4.521232357	0.054829036
4.618274835	4.588212451	4.599340537	4.580040802	4.655100701	4.607356612	4.604358109	4.585155902	4.581065917	4.518347233	4.489272503	4.509414171	4.433847969	4.557111776	4.527201201	4.508416664	4.50140612	4.49434608	0.098939948
4.615221125	4.602266285	4.590157156	4.622127911	4.612246407	4.580978101	4.614230535	4.585068086	4.586087974	4.557002488	4.55500847	4.549002446	4.540937886	4.571832221	4.55500847	4.551008464	4.547997925	4.54194952	0.052260327
4.584070577	4.58100152	4.588148054	4.618210438	4.561342326	4.670145185	4.602289704	4.579976405	4.601286192	4.528831004	4.522727222	4.537917387	4.541929429	4.487417219	4.5548585	4.542929929	4.537917387	4.541929429	0.062364284
4.596215323	4.617184639	4.626038607	4.644476781	4.57479686	4.632871235	4.609248089	4.610243609	4.606255568	4.496275098	4.50130276	4.519195882	4.527046756	4.448794559	4.506305272	4.511282883	4.510289341	4.510289341	0.100948798
4.606432158	4.677753319	4.614392399	4.770099279	4.576003847	4.597400486	4.635961863	4.632074589	4.62719415	4.467334631	4.496922588	4.494977062	4.599363394	4.429594303	4.472327153	4.492051658	4.488137759	4.487156886	0.137097526
4.644781631	4.642856702	4.66571484	4.786214417	4.609552939	4.67508698	4.658153367	4.659101684	4.644781631	4.47046397	4.483103905	4.510737869	4.609970626	4.415145695	4.474370225	4.493675844	4.484069622	4.478261281	0.156858439
4.63678189	4.627044714	4.664495082	4.635812428	4.524073167	4.612258836	4.647384399	4.654073387	4.696950411	4.471897388	4.481634564	4.516859529	4.613104725	4.381857056	4.469938524	4.492237073	4.472875384	4.488394609	0.155147326
4.630306871	4.650587624	4.66764965	4.494682698	4.509103358	4.581321566	4.630306871	4.642910043	4.6825753	4.529289826	4.529289826	4.553202969	4.576557604	4.411264748	4.512695985	4.530257412	4.521515249	4.535081348	0.108791623
4.596281431	4.62414393	4.637789366	4.438086257	4.394601145	4.604321676	4.592236937	4.645503966	4.600309634	4.537457116	4.546452679	4.571023939	4.499600933	4.391804363	4.55635375	4.557338486	4.561267764	4.571023939	0.063857039
4.596289805	4.622187667	4.590216912	4.529528836	4.403214366	4.60533055	4.609322571	4.615280881	4.620219162	4.519631948	4.502416333	4.53457991	4.527631991	4.373979195	4.548332582	4.542461724	4.536556195	4.552227427	0.08169058
4.613550285	4.6428779	4.601574094	4.440707472	4.413210223	4.595531779	4.601574094	4.665736038	4.627343607	4.525224186	4.519295315	4.524238479	4.452706461	4.362994986	4.532097066	4.524238479	4.528175492	4.536977505	0.095246541
4.626223856	4.667476708	4.588295158	4.409426433	4.346670588	4.634028774	4.590327679	4.628180804	4.616381257	4.509703002	4.497856861	4.494873269	4.44378964	4.323645328	4.526248391	4.506754597	4.508721166	4.507738365	0.11456007
4.62325484	4.658955689	4.58928554	4.557274547	4.44641919	4.641746851	4.627176414	4.639816349	4.627176414	4.487540117	4.485571613	4.468680998	4.494399527	4.331420933	4.505084427	4.496350747	4.496350747	4.492444492	0.134731922
4.644438675	4.662543029	4.592132723	4.561266075	4.415267378	4.644438675	4.616157902	4.632833129	4.629910575	4.468131253	4.465191516	4.452351833	4.513093394	4.309403906	4.489429251	4.475928564	4.472037508	4.483665546	0.158848201
4.636897763	4.66177943	4.618315322	4.453412739	4.451081736	4.650372462	4.608394605	4.683285635	4.604398596	4.47883528	4.47883528	4.452114245	4.450106212	4.308936244	4.4807865	4.4807865	4.48855353	4.49721993	0.150280343
4.631112542	4.631112542	4.585242088	4.389773259	4.428707617	4.644665509	4.585242088	4.634032252	4.622301913	4.512274885	4.520148942	4.469887107	4.44059631	4.343692504	4.523085801	4.511286254	4.524062841	4.525038927	0.105098481
4.599352535	4.647471783	4.56766874	4.426243941	4.382227056	4.60736861	4.55196983	4.560373241	4.589241225	4.496948792	4.525965335	4.461821213	4.468110542	4.351893678	4.519038043	4.501001482	4.507049888	4.521022171	0.093308177
4.569663481	4.534868195	4.541285329	4.305536005	4.400723493	4.599272586	4.539150856	4.586107839	4.598266044	4.48201273	4.520208327	4.427262215	4.333141803	4.351988062	4.502297401	4.479961447	4.503300913	4.510297443	0.098985237
4.601265203	4.589143843	4.56445123	4.291931405	4.447449139	4.597241053	4.538064475	4.593200643	4.579955417	4.473649679	4.503592036	4.420595116	4.269821917	4.360037266	4.49271699	4.466532211	4.49072694	4.496685249	0.118538306
4.62503617	4.577862346	4.591134618	4.179055393	4.470558639	4.595183207	4.546544546	4.58094085	4.598208927	4.490297398	4.520856701	4.442107654	4.231230993	4.406828742	4.502237838	4.486285357	4.501248229	4.533399074	0.113935644
4.640752828	4.581092992	4.557245309	4.397130746	4.486602149	4.529583971	4.541380355	4.656078799	4.586202865	4.481064072	4.504780599	4.413855322	4.245341739	4.386753393	4.472023327	4.460861365	4.496937421	4.506731819	0.124321612
4.650170522	4.601189135	4.57370649	4.370739845	4.513081868	4.605197157	4.561245269	4.64441787	4.621070506	4.472924003	4.471930461	4.409378038	4.257693451	4.397669549	4.46294388	4.453875808	4.481821739	4.497447057	0.139248767
4.63766978	4.620091203	4.567500723	4.440327947	4.577831393	4.570611145	4.568538606	4.644423303	4.632817757	4.481512577	4.473552336	4.424412461	4.324052828	4.434850969	4.481512577	4.463512091	4.502111638	4.501140293	0.132649754
4.634810482	4.610239222	4.562344179	4.548681329	4.551850904	4.655944795	4.568587696	4.659739866	4.574792473	4.485952828	4.479946804	4.432661531	4.407073781	4.455555351	4.506694312	4.474914081	4.506694312	4.496871051	0.121296855
4.626032501	4.574790754	4.584026325	4.508739061	4.568585977	4.566509133	4.54867961	4.628966488	4.583004353	4.512503886	4.49320415	4.468280742	4.44917188	4.477699964	4.526490128	4.506449377	4.545163889	4.532424863	0.086728004
4.606544149	4.586361829	4.554251354	4.435941864	4.554251354	4.626327188	4.544732509	4.636073853	4.569917471	4.537341455	4.547514482	4.498774924	4.432889411	4.527063872	4.564574605	4.541423093	4.568546805	4.562582573	0.045957585
4.601302053	4.510999394	4.570718629	4.467196772	4.530586528	4.518662267	4.53488761	4.602305565	4.560312708	4.560658079	4.581192681	4.526899599	4.459208761	4.537572059	4.581192681	4.564798872	4.594317554	4.591303991	0.007988011
4.591025306	4.546435234	4.547495117	4.484085902	4.528243186	4.606123731	4.521742621	4.570532785	4.553830936	4.544976174	4.563495222	4.507954495	4.470628538	4.520802638	4.581677541	4.548086597	4.572627706	4.56654866	0.022446189
4.600166471	4.528297969	4.566438185	4.5293773	4.595128677	4.602174504	4.534756549	4.579861205	4.553885719	4.551186983	4.596718367	4.516428349	4.511054881	4.556349617	4.578753812	4.549114443	4.575728092	4.569649045	0.019400586
4.598454573	4.555237971	4.58527648	4.519921299	4.610466729	4.56777732	4.523183945	4.58016138	4.57501998	4.556669407	4.576047882	4.528469105	4.530585508	4.578066046	4.578066046	4.554607551	4.582090196	4.582090196	0.01938097
4.633519529	4.501529076	4.597551616	4.463874885	4.624648105	4.601612535	4.539974228	4.60059885	4.551757975	4.584285603	4.586328504	4.553130435	4.485492883	4.620434117	4.60151867	4.577102401	4.594458631	4.59849904	0.008166563
4.591313272	4.508901296	4.557271821	4.5467232	4.61238781	4.533916194	4.53068865	4.586229376	4.552011419	4.599991907	4.585558667	4.544217327	4.531145245	4.617242462	4.608146896	4.592801327	4.614219789	4.614219789	-0.017848338
4.641709539	4.554084315	4.54243781	4.585174902	4.608373118	4.562470108	4.516546396	4.570786165	4.559333671	4.643253624	4.640181425	4.576668019	4.658474618	4.656458488	4.665499233	4.623635029	4.644275596	4.655448897	-0.060121623
4.621064219	4.489780018	4.54118554	4.615141201	4.594129922	4.53154433	4.509780685	4.578846894	4.522895627	4.642959526	4.636716009	4.588604112	4.688583251	4.677621507	4.665524586	4.62727703	4.655330818	4.656354883	-0.07443264
4.586227999	4.491121672	4.544598679	4.598386203	4.623250736	4.542471018	4.506694845	4.570819373	4.51439142	4.638782838	4.64814328	4.599353116	4.692685056	4.684732728	4.677722183	4.635643118	4.658442033	4.64814328	-0.077323907
4.58920036	4.571772958	4.540257745	4.43691109	4.621203091	4.543454338	4.505509406	4.558238134	4.526286534	4.649864967	4.650901773	4.620389148	4.576714085	4.700431856	4.679504336	4.641531585	4.659157754	4.641531585	-0.081199209
4.564564249	4.452111092	4.525218397	4.355399698	4.586225745	4.554081972	4.492139306	4.570801275	4.504395727	4.697564673	4.698620082	4.670810804	4.549904675	4.741970523	4.758002931	4.693331863	4.711198865	4.688015529	-0.145592407
4.546602126	4.441595029	4.480861044	4.370833811	4.522995879	4.552944642	4.474042835	4.565510252	4.484252794	4.686419544	4.67994703	4.642456421	4.548269206	4.701361124	4.736744628	4.688567773	4.717126033	4.694984907	-0.153699115
4.532683755	4.405583253	4.499893932	4.400687282	4.602249939	4.540182451	4.481956231	4.549741738	4.506538475	4.655762844	4.665445545	4.607026732	4.546189262	4.702233718	4.689772498	4.665445545	4.686632778	4.6792682	-0.128469938
4.5499545	4.440592567	4.520998054	4.452316031	4.527505669	4.524257155	4.483299576	4.562559709	4.512254828	4.642585414	4.654318882	4.607647363	4.576042023	4.664867503	4.679451095	4.649002548	4.664867503	4.668010512	-0.107540668
4.568956989	4.447796888	4.539481171	4.419291395	4.555379757	4.518973167	4.506905001	4.545870969	4.540548977	4.673345557	4.661748168	4.628321876	4.598269531	4.688946497	4.687913973	4.663866813	4.67961517	4.682735297	-0.114816191
4.566461744	4.457861984	4.53370657	4.435599788	4.551801795	4.528321528	4.507589743	4.535852494	4.546513576	4.714390576	4.68568047	4.661661848	4.614141595	4.732053372	4.733082709	4.705969473	4.717530296	4.712291939	-0.156279611
4.548847417	4.452266589	4.549905059	4.42748656	4.518769962	4.575988958	4.515493061	4.539277966	4.549905059	4.70999414	4.704711508	4.680045378	4.615000033	4.692990543	4.731881413	4.70999414	4.711047326	4.715249013	-0.156922852
4.549399813	4.445916792	4.554671307	4.410113445	4.525869316	4.467946668	4.522617281	4.575483713	4.520443367	4.756558423	4.748074809	4.734133564	4.656697248	4.740592144	4.757613832	4.759721314	4.761824365	4.758668128	-0.206102085
4.526214132	4.385856774	4.563393135	4.435654555	4.514237941	4.516426126	4.486473803	4.508746439	4.479694116	4.771188318	4.739715291	4.769049279	4.689987532	4.772256123	4.793376233	4.783927343	4.77011937	4.775452716	-0.232070781
4.527315248	4.453290433	4.579958982	4.415326206	4.564454795	4.550820604	4.497691579	4.536997949	4.470601887	4.77488969	4.773821885	4.781272691	4.680965956	4.784448977	4.790771443	4.790771443	4.779149548	4.77488969	-0.234684897
4.534807925	4.394509358	4.563366185	4.494298828	4.606229889	4.496530972	4.520761232	4.506514416	4.485320092	4.751432516	4.743989632	4.777570962	4.692527813	4.793947991	4.766154128	4.782717654	4.749311625	4.749311625	-0.20383124
4.560908548	4.424536881	4.620733784	4.512745146	4.663129343	4.59783582	4.541920635	4.534437971	4.463296871	4.74961042	4.724399	4.774201823	4.707231197	4.830291289	4.756845593	4.780256332	4.736033188	4.713703711	-0.181413969
4.570442186	4.386668799	4.626851903	4.633684531	4.71222956	4.491780218	4.570442186	4.5356469	4.438833445	4.75969549	4.732582255	4.792086986	4.789094465	4.868752868	4.767892257	4.80101119	4.741003357	4.712293251	-0.182025601
4.556031892	4.404329194	4.627961624	4.593149555	4.715868657	4.58195351	4.565441267	4.543346733	4.497636926	4.76849332	4.71990932	4.801948036	4.807912269	4.901509116	4.795948018	4.814825877	4.752908589	4.744496342	-0.193730391
4.535917003	4.408034912	4.609259103	4.639668508	4.693277959	4.578923106	4.568603097	4.5931945	4.53377108	4.771703024	4.729278847	4.814392433	4.823307797	4.902895235	4.809404892	4.835072638	4.7768817	4.762313284	-0.20413781
4.507653421	4.478568597	4.598241635	4.739797143	4.641598179	4.559222311	4.573775583	4.530542703	4.502125491	4.748647074	4.729477158	4.80104735	4.908208047	4.862201774	4.799043342	4.825764377	4.757050485	4.746535141	-0.196781601
4.521841601	4.465961143	4.570631765	4.749323554	4.582977601	4.591124286	4.581954583	4.553929916	4.507610381	4.745730653	4.764658663	4.795430322	4.924152187	4.836009862	4.801472636	4.840847801	4.75838905	4.744668518	-0.200257448
4.50997018	4.476409984	4.588234206	4.822908178	4.590266727	4.501130344	4.591281441	4.530656819	4.496680948	4.764547154	4.779346579	4.819454782	5.025517805	4.848269493	4.814401715	4.87246032	4.77829671	4.760278204	-0.222106589
4.498850708	4.398298783	4.516491739	4.726655238	4.578978977	4.557182577	4.585120245	4.495508087	4.503290227	4.798590711	4.811356842	4.836410344	5.020448639	4.885691306	4.874837721	4.910886437	4.8102992	4.802864222	-0.261546599
4.483076869	4.398019723	4.534936255	4.611498969	4.551994238	4.557265731	4.580135751	4.520859141	4.521949059	4.832267725	4.858626657	4.857585533	4.952895712	4.868978716	4.898407527	4.93954947	4.84500675	4.841837176	-0.29090058
4.47570765	4.415294392	4.597615949	4.63675989	4.527339106	4.566189136	4.563094755	4.48580308	4.451747576	4.810528919	4.815856582	4.841041544	4.911070148	4.835846727	4.889584946	4.914927433	4.804098028	4.811596724	-0.281050775
4.519744384	4.476331891	4.62314219	4.68964342	4.520833115	4.610289813	4.60028973	4.455641497	4.450984912	4.818388784	4.814173815	4.852500618	4.973890511	4.845361373	4.88941254	4.913603366	4.80035116	4.798207536	-0.263327728
4.483903356	4.419741412	4.612053062	4.833206562	4.528109448	4.621944339	4.60707049	4.495139429	4.465658836	4.834712313	4.837855322	4.875828073	5.095541781	4.876834616	4.90461418	4.936393455	4.824163692	4.816712885	-0.276781698