@lpm0	lpm1	lpm2	lpm3	lpm4	lpm5	lpm6	lpm7	lpm8	lfp0	lfp1	lfp2	lfp3	lfp4	lfp5	lfp6	lfp7	lfp8	llcusd@
4.429797226	4.470898902	4.515739656	3.857278033	4.324177677	4.503905198	4.555577209	4.513598328	4.50173835	4.732107412	4.575038087	4.639416749	4.129789448	4.833854851	4.595291944	4.707769927	4.644201447	4.646585238	-0.23799022
4.416613157	4.421319048	4.528087024	3.89630879	4.385472917	4.517482471	4.581487801	4.533347425	4.515347998	4.75294971	4.669190368	4.692528651	4.157971121	4.830232411	4.626990014	4.733212227	4.636794014	4.67154886	-0.253757152
4.405348186	4.437940087	4.53841935	3.859139058	4.358886597	4.533034307	4.579456144	4.559674135	4.48094497	4.788459184	4.666142862	4.720405721	4.167224585	4.885562015	4.661173908	4.76291643	4.688202581	4.690623889	-0.270659122
4.454694127	4.397818478	4.547597566	3.921177092	4.421703963	4.522083149	4.605060181	4.563893419	4.523206113	4.800191917	4.886835309	4.728119569	4.211742781	4.926523057	4.693112977	4.794657869	4.696791706	4.693112977	-0.260290925
4.392011542	4.373684823	4.472240487	3.845027501	4.473357182	4.505210506	4.559903421	4.507370334	4.420653118	4.764135519	4.614858326	4.715627164	4.212660127	4.913604618	4.657145216	4.768634964	4.672089454	4.663399145	-0.300873768
4.372182737	4.303013046	4.56210733	3.890226774	4.47667654	4.539332019	4.578351342	4.542468456	4.459812734	4.783846724	4.529026316	4.727735842	4.206252923	4.919047101	4.678238714	4.801507227	4.69541705	4.694199765	-0.306055977
4.368664687	4.358689542	4.513913759	3.816465497	4.426512138	4.553877016	4.577311609	4.525647227	4.464425927	4.784892831	4.556115462	4.740083497	4.137857002	4.915329552	4.682026082	4.808214265	4.702975708	4.705411763	-0.317090423
4.379393192	4.407089123	4.530924012	3.730432304	4.461406344	4.569014051	4.563950749	4.507568386	4.475923628	4.751011534	4.697758212	4.727051461	4.085659362	4.885810444	4.635199498	4.777709449	4.674906947	4.65649022	-0.291857444
4.399115383	4.469951721	4.547576883	3.801168979	4.485524894	4.493221469	4.576208695	4.517032117	4.496501953	4.759062925	4.616811699	4.720769958	4.122828579	4.898103973	4.634488927	4.79487793	4.671348136	4.673757776	-0.274642393
4.438321818	4.433670646	4.561504018	3.821103953	4.430168016	4.519613076	4.579797211	4.517471748	4.47700696	4.786833128	4.603408428	4.727792147	4.129423373	4.950233698	4.648723624	4.809722411	4.702924081	4.705319291	-0.297624131
4.425278219	4.547609966	4.55484514	3.779077266	4.438091441	4.552783284	4.574223615	4.521334151	4.480023929	4.78364758	4.641057722	4.712516686	4.13278312	4.908419792	4.658779705	4.788067476	4.687229366	4.699350727	-0.301406354
4.456882472	4.500343351	4.565767521	3.81480077	4.43965057	4.473822459	4.553434374	4.518712317	4.510110113	4.759908226	4.575125543	4.684510209	4.163593682	4.879799528	4.619811032	4.772123814	4.685714303	4.685714303	-0.283848629
4.429816942	4.574778684	4.576790757	3.898606449	4.519927895	4.508156759	4.557510606	4.504922254	4.509232606	4.748067458	4.626778845	4.716210384	4.209230919	4.925149482	4.660343214	4.78651261	4.674906578	4.695181572	-0.279432858
4.456896192	4.438547054	4.574679228	3.903510954	4.419854921	4.493710165	4.545988735	4.49589835	4.533436269	4.755588115	4.635585322	4.721763019	4.210555059	4.935689915	4.648007842	4.777518818	4.685565255	4.705577694	-0.27399931
4.431592253	4.443153075	4.550924476	3.912984489	4.397289659	4.533224899	4.535323535	4.491395744	4.495767336	4.741024761	4.628679931	4.698756904	4.247937961	4.894216208	4.638642654	4.751041539	4.678720878	4.682285944	-0.270659122
4.446696214	4.350929309	4.55479271	3.981248402	4.448976717	4.474835381	4.541383535	4.505438862	4.5129456	4.740660355	4.590914968	4.65545349	4.292923526	4.887213657	4.643361444	4.735126306	4.645791579	4.662639149	-0.260290925
4.463913389	4.318378608	4.58694972	3.988931247	4.411788098	4.549324539	4.544129722	4.488440817	4.512381024	4.734634754	4.618629983	4.640528668	4.252953125	4.878246602	4.601259819	4.719181908	4.625982957	4.642932515	-0.240702435
4.454799357	4.394816653	4.587188545	3.93901473	4.660439007	4.589186548	4.558789071	4.499449631	4.553631762	4.752687044	4.618692224	4.658673321	4.220002627	4.895499558	4.627307662	4.72083372	4.634633702	4.653911407	-0.243460041
4.461449152	4.502497622	4.600767843	3.939615636	4.286124577	4.451204327	4.538787623	4.513308538	4.549215246	4.749279154	4.620295005	4.66795216	4.245032501	4.909540311	4.641348415	4.72365101	4.6462384	4.680993246	-0.258810108
4.375898992	4.351083823	4.579239916	3.940580921	4.385655167	4.490408702	4.512031167	4.505593376	4.52055092	4.742515811	4.667030191	4.663404809	4.265778149	4.913777174	4.673043438	4.711849012	4.633918643	4.675438649	-0.275325398
4.404060715	4.448305416	4.531322494	4.016295184	4.260959871	4.484103422	4.519725105	4.5069181	4.526067621	4.761157767	4.630259789	4.632731979	4.325938398	4.927794158	4.629021399	4.69958264	4.632731979	4.667908437	-0.265038908
4.396228365	4.619132939	4.543700366	4.088026563	4.357246572	4.52496933	4.514409569	4.506950824	4.529162208	4.741807668	4.631679125	4.630452884	4.402697487	4.918441658	4.620588439	4.679535147	4.618107048	4.66185643	-0.260860476
4.374630571	4.607530297	4.522458785	4.13012067	4.715121333	4.488046787	4.495676252	4.500009953	4.532974129	4.758586032	4.635173819	4.630204865	4.398619807	4.901248663	4.63144942	4.690609699	4.585639884	4.675252043	-0.271633935
4.372030345	4.58051707	4.520705431	4.117893548	4.349585513	4.544853586	4.515377768	4.505715857	4.513238729	4.704085179	4.626399073	4.59784344	4.388458705	4.831510767	4.592792924	4.667172107	4.617794226	4.660096606	-0.246997687
4.419741742	4.496355772	4.549166353	4.162050384	4.284536149	4.55224802	4.517815823	4.482155643	4.54607516	4.710981691	4.577762847	4.604891514	4.397439293	4.854447165	4.607321649	4.66851721	4.597565474	4.659342834	-0.223340571
4.419645942	4.527829325	4.564159215	4.161747544	4.465683991	4.513991956	4.540434533	4.519336704	4.535201659	4.695604434	4.55520331	4.60888346	4.330833517	4.841965842	4.558873039	4.638633937	4.564959485	4.6363766	-0.1752022
4.434441845	4.630779183	4.619273783	4.053612758	4.480909128	4.540034352	4.566812471	4.513591775	4.541077649	4.719402073	4.571556262	4.614611196	4.265069875	4.865166034	4.565593215	4.642687155	4.576301229	4.627061837	-0.161778028
4.475342947	4.45048291	4.624378527	3.978188329	4.514735349	4.545376943	4.560865121	4.531757037	4.561889187	4.731547183	4.578068999	4.629656367	4.190674916	4.856591604	4.588601571	4.637447169	4.569799607	4.61615785	-0.155430115
4.467639995	4.524672993	4.639371437	3.990841322	4.588678323	4.535277546	4.573564685	4.507468268	4.577617376	4.748350944	4.61082753	4.643433004	4.220110279	4.858580067	4.625575387	4.650048243	4.575940271	4.609684019	-0.1556806
4.473317004	4.445855324	4.61121245	3.940428865	4.543062038	4.581270093	4.560798549	4.51206009	4.58833726	4.74219503	4.596269434	4.631202563	4.186782487	4.842986153	4.596269434	4.637825104	4.567180705	4.608805211	-0.138879956
4.489021189	4.484531844	4.650980051	4.025936458	4.527466341	4.510074598	4.57892126	4.559282386	4.587076249	4.727676308	4.582769187	4.606220848	4.172206362	4.736435488	4.548283011	4.621555212	4.552950464	4.596237404	-0.102746934
4.50527104	4.569395568	4.698387688	4.089822488	4.520605404	4.644168802	4.606982522	4.555846637	4.567323028	4.724169962	4.621979021	4.624086503	4.190871482	4.783336939	4.576663824	4.624086503	4.531509427	4.593084555	-0.071392785
4.509593384	4.555714158	4.700839506	4.071777434	4.513974552	4.634304433	4.617694378	4.545176653	4.57646179	4.766190789	4.619192993	4.650161832	4.222367248	4.769929111	4.557686747	4.648056568	4.57597297	4.628907047	-0.097597283
4.51761017	4.54559908	4.672072717	4.092855404	4.587185114	4.530625539	4.590235447	4.515424377	4.601341063	4.775163101	4.633224879	4.641901723	4.253567655	4.760883944	4.587534481	4.645136227	4.574912397	4.621169939	-0.113433683
4.496220649	4.682830457	4.666890129	4.103011962	4.487211579	4.490599499	4.588264186	4.513998895	4.570728925	4.783481302	4.678014859	4.647905058	4.264039062	4.829134315	4.606673591	4.658762928	4.57547522	4.635823637	-0.125134177
4.464766425	4.676020338	4.656123898	3.999617735	4.647474156	4.591904305	4.577515568	4.557650827	4.632889552	4.738568625	4.618838169	4.605592942	4.169668626	4.826957133	4.577422065	4.617741076	4.542534806	4.605592942	-0.098846445
4.4808685	4.596111529	4.678108661	3.947725675	4.556687337	4.614257189	4.589989061	4.534214481	4.582798481	4.729439377	4.597142299	4.609131543	4.071217879	4.797214729	4.563694364	4.603699699	4.529088835	4.602609781	-0.075999899
4.515146209	4.511829457	4.682454974	3.871524758	4.674957282	4.600776943	4.601789601	4.549856852	4.590593555	4.739663302	4.606539601	4.614119497	4.032141174	4.805034018	4.576752512	4.611959669	4.541421202	4.615197664	-0.076059028
4.546813551	4.594939993	4.682887262	3.741494572	4.572211742	4.59698081	4.60307839	4.540361916	4.558534517	4.738724891	4.610330728	4.589621541	3.964585786	4.800353585	4.578547231	4.598393527	4.52713671	4.609251397	-0.069968812
4.546420456	4.475279356	4.621830461	3.734953615	4.685435711	4.535632864	4.589471723	4.559213807	4.591525112	4.732502635	4.629381046	4.589180086	3.954176299	4.80117525	4.569022629	4.606762957	4.532152093	4.589180086	-0.075477925
4.536837024	4.577960373	4.605471022	3.789503012	4.679076356	4.548608161	4.584139589	4.532522023	4.583112367	4.729451974	4.645729635	4.62854339	3.989178279	4.818420299	4.591011391	4.619838221	4.53669417	4.587631107	-0.098185871
4.522810873	4.512915245	4.593552761	3.730846275	4.694315567	4.528266424	4.571913586	4.524996666	4.562494364	4.706745283	4.628111201	4.590826181	3.905469802	4.800697689	4.57278736	4.591942875	4.536883098	4.585223925	-0.089022161
4.512280744	4.541678615	4.60909657	3.604243154	4.722747599	4.570236875	4.566057141	4.555530728	4.584729882	4.701200595	4.610466172	4.568096401	3.840183262	4.80795595	4.546218729	4.586155582	4.527416765	4.592844571	-0.086104007
4.506791755	4.341854286	4.641570981	3.666865841	4.713598365	4.585723968	4.541691698	4.522210563	4.561851532	4.682720208	4.608690646	4.572932646	3.836780582	4.855482115	4.561490874	4.578604811	4.516777543	4.592088161	-0.090861251
4.456271967	4.495178476	4.617564941	3.716549204	4.614581348	4.529379272	4.546583997	4.508556601	4.552960214	4.714955852	4.645371877	4.598851861	3.913801891	4.90380552	4.658587928	4.616123448	4.560977512	4.636463132	-0.137923309
4.447564415	4.5088776	4.54987579	3.666340781	4.669301826	4.516557286	4.5088776	4.523093257	4.492219802	4.712923941	4.672459153	4.597148535	3.938303949	4.902720172	4.620930868	4.63377401	4.580157835	4.647599115	-0.176885519
4.464867859	4.740766492	4.515017642	3.542846452	4.515017642	4.472836028	4.485230553	4.511751444	4.516104008	4.665280514	4.608895795	4.51277322	3.820902364	4.849062992	4.569860679	4.586607482	4.542964193	4.606572914	-0.158996552
4.423467552	4.690249272	4.534566964	3.621489947	4.544177289	4.534566964	4.498517184	4.515064721	4.534566964	4.683859936	4.60966862	4.518085442	3.750633536	4.875527355	4.580063142	4.586054772	4.553264949	4.629311077	-0.158996552
4.49312103	4.655863649	4.51743162	3.55534841	4.595120198	4.485260238	4.465908467	4.527208993	4.522875291	4.689190368	4.634352068	4.513463878	3.784043291	4.893154364	4.602276008	4.564311781	4.575135699	4.633224037	-0.149091831
4.497733242	4.337439007	4.517579538	3.544001948	4.627079944	4.484280124	4.46720515	4.532747759	4.567616585	4.65090284	4.609366814	4.487249623	3.754225777	4.853712573	4.569520906	4.528021175	4.543637108	4.595883464	-0.113863228
4.53694837	4.534804747	4.517488297	3.653309302	4.600214669	4.481928995	4.463663647	4.516395997	4.539087409	4.62364362	4.598764024	4.469136752	3.775989571	4.836477802	4.55625203	4.504657939	4.524908779	4.574372571	-0.084556212
4.57064896	4.411655655	4.512028023	3.811167305	4.548670053	4.499879889	4.469420681	4.542300605	4.536961564	4.615611799	4.603890833	4.453840346	3.907523038	4.803391596	4.522418022	4.501265647	4.528215139	4.55783006	-0.068000507
4.534883858	4.4694866	4.527344781	3.92999906	4.551905546	4.487648279	4.487648279	4.534883858	4.546617326	4.611630396	4.605274442	4.463970397	3.976931422	4.796237266	4.523370279	4.510601679	4.540523359	4.555155021	-0.060780259
4.510892091	4.481904555	4.522907528	3.877464146	4.705952674	4.507589942	4.493153267	4.535852693	4.523992716	4.581417752	4.584600779	4.452279308	3.961011282	4.722887795	4.507554988	4.484405807	4.51439652	4.530180388	-0.037027121
4.50016843	4.44770486	4.555287729	4.109591934	4.682489987	4.526485738	4.497943735	4.548958594	4.547899833	4.585374391	4.573690775	4.470227793	4.093377776	4.761162862	4.508582291	4.507441389	4.519920281	4.562949533	-0.034301632
4.521894183	4.469456069	4.526232584	4.213713589	4.69694298	4.540203795	4.510965112	4.538067042	4.543400388	4.604023922	4.610373149	4.501254997	4.206489069	4.752700135	4.522210362	4.531384738	4.556188715	4.580392317	-0.058498134
4.520804877	4.689615182	4.538065284	4.194293744	4.468308178	4.542334233	4.508763133	4.565493163	4.585071326	4.590028368	4.587893895	4.468908214	4.263949692	4.669907047	4.523925013	4.531866064	4.534123401	4.571738455	-0.048759665
4.535791307	4.71936253	4.528260341	4.262651077	4.726473671	4.535791307	4.511929004	4.554900169	4.559097447	4.616849875	4.613670222	4.513251474	4.319598351	4.739207967	4.562488666	4.55913108	4.55463669	4.583495519	-0.068278841
4.552323727	4.714421072	4.480240129	4.298145047	4.453847318	4.501529449	4.499309692	4.549157498	4.513650809	4.561552793	4.533073322	4.477090687	4.320979607	4.643421379	4.536401112	4.519650302	4.503758934	4.533073322	-0.03376363
4.545454555	4.617133131	4.493155056	4.312174881	4.339936082	4.583980923	4.51089388	4.576805085	4.551803783	4.562723183	4.556373956	4.483734772	4.386710796	4.671558667	4.504074456	4.517407987	4.522911578	4.540322247	-0.0109194
4.586230624	4.555172227	4.512201061	4.374741625	4.552012666	4.655155535	4.549900733	4.599395371	4.537134602	4.589343466	4.594479584	4.531033362	4.422757392	4.676097343	4.563259566	4.563259566	4.586249085	4.587281609	-0.013358833
4.582004813	4.472884252	4.535923362	4.439218856	4.57584463	4.567571573	4.559229502	4.553980146	4.54126811	4.560056181	4.564162963	4.519105577	4.467417327	4.658914119	4.557996448	4.541364048	4.552828478	4.559026845	0.016817785
4.595153602	4.547574825	4.556013693	4.556013693	4.571647154	4.525077893	4.575775127	4.56750207	4.563339733	4.553748727	4.530121537	4.518621149	4.48765231	4.640252361	4.554763441	4.538403158	4.548659658	4.54251839	0.036341572
4.605490204	4.524280148	4.568826219	4.451172843	4.587326233	4.544678064	4.595439868	4.611472276	4.563626	4.547656659	4.53554753	4.52534336	4.395176265	4.597544753	4.543636553	4.52534336	4.536562243	4.521232357	0.054829036
4.626141149	4.506642637	4.607356612	4.492189911	4.639760036	4.547729497	4.600346068	4.635887815	4.61728718	4.518347233	4.489272503	4.509414171	4.433847969	4.557111776	4.527201201	4.508416664	4.50140612	4.49434608	0.098939948
4.564448799	4.448616984	4.612246407	4.520801637	4.648330283	4.62898732	4.605270794	4.599252721	4.599252721	4.557002488	4.55500847	4.549002446	4.540937886	4.571832221	4.55500847	4.551008464	4.547997925	4.54194952	0.052260327
4.572771021	4.510983534	4.605294213	4.62901074	4.642589998	4.526251006	4.606293713	4.593221632	4.607292216	4.528831004	4.522727222	4.537917387	4.541929429	4.487417219	4.5548585	4.542929929	4.537917387	4.541929429	0.062364284
4.603254065	4.571699284	4.624077822	4.549743358	4.689597216	4.661636401	4.60725407	4.627017559	4.613224237	4.496275098	4.50130276	4.519195882	4.527046756	4.448794559	4.506305272	4.511282883	4.510289341	4.510289341	0.100948798
4.62719415	4.713389799	4.631100405	4.716079178	4.553086178	4.614392399	4.62719415	4.633047825	4.661812991	4.467334631	4.496922588	4.494977062	4.599363394	4.429594303	4.472327153	4.492051658	4.488137759	4.487156886	0.137097526
4.636090122	4.778673535	4.652444503	4.747928159	4.625363545	4.671348658	4.642856702	4.613529087	4.654351082	4.47046397	4.483103905	4.510737869	4.609970626	4.415145695	4.474370225	4.493675844	4.484069622	4.478261281	0.156858439
4.610270764	4.732796543	4.689624371	4.750248993	4.557142847	4.645465012	4.645465012	4.598258608	4.627044714	4.471897388	4.481634564	4.516859529	4.613104725	4.381857056	4.469938524	4.492237073	4.472875384	4.488394609	0.155147326
4.658206709	4.687194246	4.661048966	4.807738443	4.701833116	4.681648945	4.652497845	4.635173061	4.683500797	4.529289826	4.529289826	4.553202969	4.576557604	4.411264748	4.512695985	4.530257412	4.521515249	4.535081348	0.108791623
4.618238401	4.509911991	4.609314197	4.53059863	4.524112121	4.707878764	4.623162094	4.591223252	4.632937343	4.537457116	4.546452679	4.571023939	4.499600933	4.391804363	4.55635375	4.557338486	4.561267764	4.571023939	0.063857039
4.619233455	4.468364695	4.625133177	4.507717721	4.332208629	4.622187667	4.630023162	4.591231625	4.667365941	4.519631948	4.502416333	4.53457991	4.527631991	4.373979195	4.548332582	4.542461724	4.536556195	4.552227427	0.08169058
4.65627523	4.497996905	4.621455464	4.515657408	4.464018551	4.652465701	4.628321602	4.596541371	4.643840827	4.525224186	4.519295315	4.524238479	4.452706461	4.362994986	4.532097066	4.524238479	4.528175492	4.536977505	0.095246541
4.683327856	4.510031132	4.616381257	4.571884534	4.454618428	4.631109064	4.638876093	4.589311935	4.650414683	4.509703002	4.497856861	4.494873269	4.44378964	4.323645328	4.526248391	4.506754597	4.508721166	4.507738365	0.11456007
4.658007372	4.543539518	4.609406943	4.616354862	4.46038915	4.634002379	4.641746851	4.605414922	4.650388288	4.487540117	4.485571613	4.468680998	4.494399527	4.331420933	4.505084427	4.496350747	4.496350747	4.492444492	0.134731922
4.666313062	4.556027718	4.638652738	4.66348687	4.532647269	4.681252648	4.654008126	4.574758755	4.655911076	4.468131253	4.465191516	4.452351833	4.513093394	4.309403906	4.489429251	4.475928564	4.472037508	4.483665546	0.158848201
4.655141188	4.484360768	4.604398596	4.571842313	4.436980445	4.626181636	4.649415982	4.614358838	4.689740245	4.47883528	4.47883528	4.452114245	4.450106212	4.308936244	4.4807865	4.4807865	4.48855353	4.49721993	0.150280343
4.614404537	4.455784021	4.600432254	4.520975639	4.434656475	4.683331334	4.635974001	4.618361021	4.651373728	4.512274885	4.520148942	4.469887107	4.44059631	4.343692504	4.523085801	4.511286254	4.524062841	4.525038927	0.105098481
4.620259219	4.641702536	4.579026632	4.505550272	4.480940528	4.598345992	4.597338435	4.616310547	4.622227724	4.496948792	4.525965335	4.461821213	4.468110542	4.351893678	4.519038043	4.501001482	4.507049888	4.521022171	0.093308177
4.638725435	4.772498578	4.564468664	4.41170591	4.582022032	4.571733875	4.595240323	4.616230599	4.606290159	4.48201273	4.520208327	4.427262215	4.333141803	4.351988062	4.502297401	4.479961447	4.503300913	4.510297443	0.098985237
4.646415168	4.685931128	4.613241394	4.342608915	4.501023203	4.595222889	4.582004598	4.590159587	4.655966339	4.473649679	4.503592036	4.420595116	4.269821917	4.360037266	4.49271699	4.466532211	4.49072694	4.496685249	0.118538306
4.634792345	4.634792345	4.612209156	4.300066156	4.470558639	4.594172595	4.581964915	4.590119905	4.654975634	4.490297398	4.520856701	4.442107654	4.231230993	4.406828742	4.502237838	4.486285357	4.501248229	4.533399074	0.113935644
4.61830191	4.583140076	4.565604815	4.304280592	4.56352148	4.601377663	4.579041709	4.630078297	4.629102211	4.481064072	4.504780599	4.413855322	4.245341739	4.386753393	4.472023327	4.460861365	4.496937421	4.506731819	0.124321612
4.651126089	4.537988407	4.553903862	4.349013751	4.506481184	4.586014337	4.569569979	4.602192648	4.653987321	4.472924003	4.471930461	4.409378038	4.257693451	4.397669549	4.46294388	4.453875808	4.481821739	4.497447057	0.139248767
4.652086176	4.577831393	4.570611145	4.401861666	4.558110983	4.593130009	4.577831393	4.583978954	4.655895704	4.481512577	4.473552336	4.424412461	4.324052828	4.434850969	4.481512577	4.463512091	4.502111638	4.501140293	0.132649754
4.642547465	4.515326973	4.570660235	4.544439541	4.721255356	4.661632014	4.578907705	4.60525168	4.683138219	4.485952828	4.479946804	4.432661531	4.407073781	4.455555351	4.506694312	4.474914081	4.506694312	4.496871051	0.121296855
4.605249962	4.550793776	4.576850487	4.507637133	4.638684738	4.696004325	4.569622784	4.607247964	4.66351887	4.512503886	4.49320415	4.468280742	4.44917188	4.477699964	4.526490128	4.506449377	4.545163889	4.532424863	0.086728004
4.562637147	4.493495145	4.530821102	4.493495145	4.697211837	4.648604138	4.563680444	4.603542646	4.663813557	4.537341455	4.547514482	4.498774924	4.432889411	4.527063872	4.564574605	4.541423093	4.568546805	4.562582573	0.045957585
4.53488761	4.514290676	4.540238077	4.397055135	4.598285459	4.696977262	4.559266135	4.586127255	4.666405173	4.560658079	4.581192681	4.526899599	4.459208761	4.537572059	4.581192681	4.564798872	4.594317554	4.591303991	0.007988011
4.53147769	4.580831538	4.55277775	4.422402593	4.484085902	4.626885722	4.568460246	4.606123731	4.61606417	4.544976174	4.563495222	4.507954495	4.470628538	4.520802638	4.581677541	4.548086597	4.572627706	4.56654866	0.022446189
4.546490017	4.597146841	4.578835038	4.527217472	4.651107945	4.587015042	4.545429009	4.591080089	4.623018931	4.551186983	4.596718367	4.516428349	4.511054881	4.556349617	4.578753812	4.549114443	4.575728092	4.569649045	0.019400586
4.562571686	4.556288943	4.556288943	4.512266806	4.539339385	4.598454573	4.543603784	4.586296368	4.611461259	4.556669407	4.576047882	4.528469105	4.530585508	4.578066046	4.578066046	4.554607551	4.582090196	4.582090196	0.01938097
4.562351294	4.607673159	4.536736233	4.463874885	4.867788402	4.638414301	4.561296998	4.612695772	4.617693283	4.584285603	4.586328504	4.553130435	4.485492883	4.620434117	4.60151867	4.577102401	4.594458631	4.59849904	0.008166563
4.578040999	4.643670908	4.539272393	4.453425839	4.593339615	4.668386995	4.532841503	4.579068221	4.61238781	4.599991907	4.585558667	4.544217327	4.531145245	4.617242462	4.608146896	4.592801327	4.614219789	4.614219789	-0.017848338
4.558286002	4.440502966	4.541372279	4.564555615	4.820488989	4.665531532	4.528496565	4.571820826	4.612353223	4.643253624	4.640181425	4.576668019	4.658474618	4.656458488	4.665499233	4.623635029	4.644275596	4.655448897	-0.060121623
4.521809261	4.481892653	4.51088019	4.579873062	4.787512427	4.697770051	4.528309826	4.567489003	4.588044711	4.642959526	4.636716009	4.588604112	4.688583251	4.677621507	4.665524586	4.62727703	4.655330818	4.656354883	-0.07443264
4.526367611	4.466148751	4.547781705	4.624232572	4.791890385	4.644631531	4.517671904	4.547781705	4.609402839	4.638782838	4.64814328	4.599353116	4.692685056	4.684732728	4.677722183	4.635643118	4.658442033	4.64814328	-0.077323907
4.528448697	4.440455098	4.547700629	4.464917588	4.696084105	4.69699693	4.550873556	4.563465537	4.576930267	4.649864967	4.650901773	4.620389148	4.576714085	4.700431856	4.679504336	4.641531585	4.659157754	4.641531585	-0.081199209
4.538149612	4.371971141	4.541356456	4.325390923	4.75914954	4.627210992	4.525218397	4.549858101	4.558288077	4.697564673	4.698620082	4.670810804	4.549904675	4.741970523	4.758002931	4.693331863	4.711198865	4.688015529	-0.145592407
4.488757306	4.457950534	4.508780222	4.320272167	4.761439805	4.662616189	4.503258396	4.551890345	4.573800455	4.686419544	4.67994703	4.642456421	4.548269206	4.701361124	4.736744628	4.688567773	4.717126033	4.694984907	-0.153699115
4.463690883	4.403138264	4.494322887	4.341288902	4.726586733	4.701473305	4.514235049	4.572731256	4.593181866	4.655762844	4.665445545	4.607026732	4.546189262	4.702233718	4.689772498	4.665445545	4.686632778	4.6792682	-0.128469938
4.491178064	4.402126286	4.512254828	4.386066645	4.709827226	4.704407158	4.507854381	4.54146188	4.560469844	4.642585414	4.654318882	4.607647363	4.576042023	4.664867503	4.679451095	4.649002548	4.664867503	4.668010512	-0.107540668
4.522239365	4.494689413	4.51678976	4.404728031	4.740151866	4.561669086	4.502480215	4.549050622	4.580303165	4.673345557	4.661748168	4.628321876	4.598269531	4.688946497	4.687913973	4.663866813	4.67961517	4.682735297	-0.114816191
4.529400859	4.508691672	4.513087283	4.390770961	4.715849092	4.578858597	4.515277865	4.548632221	4.581933945	4.714390576	4.68568047	4.661661848	4.614141595	4.732053372	4.733082709	4.705969473	4.717530296	4.712291939	-0.156279611
4.552016992	4.482119552	4.560420403	4.393461407	4.674943831	4.691595465	4.511107089	4.545667764	4.61437751	4.70999414	4.704711508	4.680045378	4.615000033	4.692990543	4.731881413	4.70999414	4.711047326	4.715249013	-0.156922852
4.565131653	4.607908032	4.578568548	4.444743771	4.63058027	4.624715151	4.509502339	4.54303712	4.559915157	4.756558423	4.748074809	4.734133564	4.656697248	4.740592144	4.757613832	4.759721314	4.761824365	4.758668128	-0.206102085
4.532686646	4.415306755	4.575828529	4.443914189	4.657849789	4.522962097	4.503224614	4.547628226	4.575828529	4.771188318	4.739715291	4.769049279	4.689987532	4.772256123	4.793376233	4.783927343	4.77011937	4.775452716	-0.232070781
4.560279424	4.481978574	4.640643934	4.441580697	4.698767133	4.693287667	4.50876589	4.514257391	4.574817582	4.77488969	4.773821885	4.781272691	4.680965956	4.784448977	4.790771443	4.790771443	4.779149548	4.77488969	-0.234684897
4.542290589	4.465968322	4.68219143	4.487572345	4.711390585	4.60922241	4.535880311	4.522935146	4.600217847	4.751432516	4.743989632	4.777570962	4.692527813	4.793947991	4.766154128	4.782717654	4.749311625	4.749311625	-0.20383124
4.589746797	4.410061357	4.697439617	4.498388191	4.707417024	4.657452885	4.576460961	4.546171439	4.547231322	4.74961042	4.724399	4.774201823	4.707231197	4.830291289	4.756845593	4.780256332	4.736033188	4.713703711	-0.181413969
4.581776672	4.532422824	4.717610739	4.600051292	4.730055344	4.752763743	4.601056822	4.543129564	4.56524737	4.75969549	4.732582255	4.792086986	4.789094465	4.868752868	4.767892257	4.80101119	4.741003357	4.712293251	-0.182025601
4.596181392	4.454399247	4.710482647	4.585019429	4.785875636	4.722115888	4.618138362	4.503189411	4.629914749	4.76849332	4.71990932	4.801948036	4.807912269	4.901509116	4.795948018	4.814825877	4.752908589	4.744496342	-0.193730391
4.541261752	4.433291817	4.695107786	4.585064374	4.835584837	4.677587743	4.623107	4.54869673	4.580974389	4.771703024	4.729278847	4.814392433	4.823307797	4.902895235	4.809404892	4.835072638	4.7768817	4.762313284	-0.20413781
4.533770248	4.435663465	4.701485107	4.649283135	4.718594935	4.671989882	4.60526625	4.520797093	4.553972955	4.748647074	4.729477158	4.80104735	4.908208047	4.862201774	4.799043342	4.825764377	4.757050485	4.746535141	-0.196781601
4.516391996	4.527261668	4.646365153	4.656866443	4.626984702	4.622080327	4.591124286	4.517484296	4.587059239	4.745730653	4.764658663	4.795430322	4.924152187	4.836009862	4.801472636	4.840847801	4.75838905	4.744668518	-0.200257448
4.516549151	4.593307784	4.600367823	4.812394534	4.696134728	4.746011495	4.613348535	4.531733825	4.563516161	4.764547154	4.779346579	4.819454782	5.025517805	4.848269493	4.814401715	4.87246032	4.77829671	4.760278204	-0.222106589
4.507710124	4.543447549	4.580005145	4.722216704	4.670173925	4.656966186	4.621196302	4.518675146	4.604322452	4.798590711	4.811356842	4.836410344	5.020448639	4.885691306	4.874837721	4.910886437	4.8102992	4.802864222	-0.261546599
4.516487549	4.639974138	4.556213653	4.689086934	4.627309575	4.656297112	4.63219956	4.508790975	4.551994238	4.832267725	4.858626657	4.857585533	4.952895712	4.868978716	4.898407527	4.93954947	4.84500675	4.841837176	-0.29090058