@lpm0	lpm1	lpm2	lpm3	lpm4	lpm5	lpm6	lpm7	lpm8	lfp0	lfp1	lfp2	lfp3	lfp4	lfp5	lfp6	lfp7	lfp8	llcusd@
4.490862259	4.318249517	4.516041477	3.862115009	4.447820508	4.516041477	4.504078311	4.543761802	4.455889716	4.732107412	4.575038087	4.639416749	4.129789448	4.833854851	4.595291944	4.707769927	4.644201447	4.646585238	-0.226935607
4.522950066	4.350228583	4.529360344	3.852061356	4.476889293	4.536787434	4.520804142	4.538899367	4.447274372	4.75294971	4.669190368	4.692528651	4.157971121	4.830232411	4.626990014	4.733212227	4.636794014	4.67154886	-0.242944809
4.512720476	4.455299422	4.546733628	3.846006552	4.50712449	4.549964649	4.539153733	4.546733628	4.448181955	4.788459184	4.666142862	4.720405721	4.167224585	4.885562015	4.661173908	4.76291643	4.688202581	4.690623889	-0.258039131
4.519035234	4.384722897	4.551296097	3.863425973	4.597816112	4.521218641	4.541726645	4.542794451	4.438263664	4.800191917	4.886835309	4.728119569	4.211742781	4.926523057	4.693112977	4.794657869	4.696791706	4.693112977	-0.291041442
4.480452454	4.352921395	4.524904217	3.855854588	4.657772611	4.5259641	4.530192436	4.532299919	4.394851088	4.764135519	4.614858326	4.715627164	4.212660127	4.913604618	4.657145216	4.768634964	4.672089454	4.663399145	-0.300452603
4.479512573	4.413353903	4.525882066	3.812510673	4.604870477	4.493759389	4.541564562	4.542601368	4.416885396	4.783846724	4.529026316	4.727735842	4.206252923	4.919047101	4.678238714	4.801507227	4.69541705	4.694199765	-0.313203388
4.468297488	4.439016117	4.529640009	3.756102113	4.65135869	4.492421465	4.518091324	4.527550144	4.407672867	4.784892831	4.556115462	4.740083497	4.137857002	4.915329552	4.682026082	4.808214265	4.702975708	4.705411763	-0.328879137
4.455926487	4.369221154	4.503058498	3.710954238	4.568332829	4.451427042	4.526339973	4.522147094	4.429773774	4.751011534	4.697758212	4.727051461	4.085659362	4.885810444	4.635199498	4.777709449	4.674906947	4.65649022	-0.299584493
4.489538045	4.420623149	4.520706608	3.76309145	4.606835762	4.51433716	4.55809414	4.527035743	4.461866108	4.759062925	4.616811699	4.720769958	4.122828579	4.898103973	4.634488927	4.79487793	4.671348136	4.673757776	-0.281606301
4.500668651	4.351729592	4.515690392	3.791172332	4.405466573	4.488705485	4.553312384	4.535722691	4.460972149	4.786833128	4.603408428	4.727792147	4.129423373	4.950233698	4.648723624	4.809722411	4.702924081	4.705319291	-0.305815765
4.484122404	4.400978353	4.507881621	3.769991572	4.499307078	4.497151905	4.527956252	4.527956252	4.42445361	4.78364758	4.641057722	4.712516686	4.13278312	4.908419792	4.658779705	4.788067476	4.687229366	4.699350727	-0.312726687
4.471689165	4.269187303	4.496622706	3.803475526	4.488020503	4.498761744	4.538557572	4.503026143	4.442733913	4.759908226	4.575125543	4.684510209	4.163593682	4.879799528	4.619811032	4.772123814	4.685714303	4.685714303	-0.30593824
4.486011254	4.357393876	4.50522209	3.851458238	4.628393449	4.499922661	4.513643193	4.540532093	4.434037147	4.748067458	4.626778845	4.716210384	4.209230919	4.925149482	4.660343214	4.78651261	4.674906578	4.695181572	-0.300501356
4.50414594	4.365917213	4.50414594	3.889330603	4.683818488	4.508369811	4.518852087	4.526124847	4.428327103	4.755588115	4.635585322	4.721763019	4.210555059	4.935689915	4.648007842	4.777518818	4.685565255	4.705577694	-0.298012582
4.481072106	4.346610625	4.485401117	3.917925145	4.678285837	4.503593165	4.495073411	4.514141786	4.43331178	4.741024761	4.628679931	4.698756904	4.247937961	4.894216208	4.638642654	4.751041539	4.678720878	4.682285944	-0.290792104
4.48001639	4.366687705	4.476764355	3.955753121	4.669706118	4.472411791	4.508818381	4.518237603	4.428950912	4.740660355	4.590914968	4.65545349	4.292923526	4.887213657	4.643361444	4.735126306	4.645791579	4.662639149	-0.28031673
4.503569303	4.368520229	4.506748956	3.958183004	4.648579151	4.497179505	4.507806597	4.524578479	4.437756084	4.734634754	4.618629983	4.640528668	4.252953125	4.878246602	4.601259819	4.719181908	4.625982957	4.642932515	-0.262334845
4.53396329	4.299031783	4.518214933	3.930428268	4.691679036	4.477172455	4.513973145	4.529787918	4.443536998	4.752687044	4.618692224	4.658673321	4.220002627	4.895499558	4.627307662	4.72083372	4.634633702	4.653911407	-0.255863302
4.514973531	4.349076854	4.522377055	3.93606454	4.61201932	4.498921822	4.497842491	4.535982707	4.461554837	4.749279154	4.620295005	4.66795216	4.245032501	4.909540311	4.641348415	4.72365101	4.6462384	4.680993246	-0.269965803
4.466814379	4.508259788	4.486660676	3.969263287	4.598116117	4.456741547	4.473473671	4.538772412	4.454489293	4.742515811	4.667030191	4.663404809	4.265778149	4.913777174	4.673043438	4.711849012	4.633918643	4.675438649	-0.280165724
4.480860001	4.237502554	4.46204373	4.033407198	4.700488611	4.478664611	4.468725269	4.515346177	4.481955892	4.761157767	4.630259789	4.632731979	4.325938398	4.927794158	4.629021399	4.69958264	4.632731979	4.667908437	-0.27047772
4.498622079	4.373098121	4.448694905	4.091532275	4.747408061	4.501863573	4.470080076	4.520036174	4.483354607	4.741807668	4.631679125	4.630452884	4.402697487	4.918441658	4.620588439	4.679535147	4.618107048	4.66185643	-0.257354763
4.49574147	4.436273586	4.445479635	4.101649352	4.543597491	4.475938842	4.470367797	4.54567218	4.465888507	4.758586032	4.635173819	4.630204865	4.398619807	4.901248663	4.63144942	4.690609699	4.585639884	4.675252043	-0.268306072
4.485321639	4.38523818	4.434203185	4.094696045	4.574269125	4.478654948	4.478654948	4.549652497	4.442328592	4.704085179	4.626399073	4.59784344	4.388458705	4.831510767	4.592792924	4.667172107	4.617794226	4.660096606	-0.241160893
4.511122406	4.297135935	4.474754762	4.113741417	4.594157635	4.52829021	4.498050325	4.569962906	4.494755429	4.710981691	4.577762847	4.604891514	4.397439293	4.854447165	4.607321649	4.66851721	4.597565474	4.659342834	-0.210740785
4.550997609	4.473574762	4.538325845	4.135513962	4.556230484	4.52225694	4.508118586	4.562474	4.51901194	4.695604434	4.55520331	4.60888346	4.330833517	4.841965842	4.558873039	4.638633937	4.564959485	4.6363766	-0.15940625
4.578004992	4.359452115	4.559428607	4.110860258	4.602248604	4.508135312	4.537310802	4.582086631	4.534110799	4.719402073	4.571556262	4.614611196	4.265069875	4.865166034	4.565593215	4.642687155	4.576301229	4.627061837	-0.14446928
4.588994419	4.476877121	4.598044255	4.03516991	4.608004497	4.543532045	4.536104955	4.581898596	4.515663146	4.731547183	4.578068999	4.629656367	4.190674916	4.856591604	4.588601571	4.637447169	4.569799607	4.61615785	-0.141543173
4.61226356	4.44869988	4.621100142	4.050179244	4.633727799	4.536485251	4.539671658	4.579177835	4.50295047	4.748350944	4.61082753	4.643433004	4.220110279	4.858580067	4.625575387	4.650048243	4.575940271	4.609684019	-0.145998268
4.599109167	4.502293341	4.593072931	4.004276675	4.649951006	4.530617674	4.540238272	4.58089004	4.501187758	4.74219503	4.596269434	4.631202563	4.186782487	4.842986153	4.596269434	4.637825104	4.567180705	4.608805211	-0.131121613
4.592474708	4.35140494	4.590442187	4.013381113	4.648730289	4.528545138	4.547838341	4.584319718	4.546776206	4.727676308	4.582769187	4.606220848	4.172206362	4.736435488	4.548283011	4.621555212	4.552950464	4.596237404	-0.097348476
4.607908018	4.42398518	4.674631651	4.070053722	4.687642986	4.559767643	4.574351235	4.599875847	4.593809094	4.724169962	4.621979021	4.624086503	4.190871482	4.783336939	4.576663824	4.624086503	4.531509427	4.593084555	-0.067471779
4.631145015	4.479259341	4.659882624	4.101682265	4.671150349	4.55546595	4.581333921	4.600555555	4.615473783	4.766190789	4.619192993	4.650161832	4.222367248	4.769929111	4.557686747	4.648056568	4.57597297	4.628907047	-0.097845491
4.605390682	4.453731904	4.628085292	4.095894845	4.522182624	4.553151463	4.558395313	4.598380137	4.578074871	4.775163101	4.633224879	4.641901723	4.253567655	4.760883944	4.587534481	4.645136227	4.574912397	4.621169939	-0.115390089
4.607020288	4.491609437	4.627802828	4.089505677	4.634635455	4.53767021	4.56097635	4.572428844	4.564112787	4.783481302	4.678014859	4.647905058	4.264039062	4.829134315	4.606673591	4.658762928	4.57547522	4.635823637	-0.128623684
4.600951349	4.56607602	4.560843145	4.038053973	4.635625452	4.526688278	4.554527335	4.576460329	4.548171381	4.738568625	4.618838169	4.605592942	4.169668626	4.826957133	4.577422065	4.617741076	4.542534806	4.605592942	-0.101969937
4.600468693	4.344956531	4.569665436	3.955678244	4.641088443	4.540033639	4.565485702	4.575902463	4.541107176	4.729439377	4.597142299	4.609131543	4.071217879	4.797214729	4.563694364	4.603699699	4.529088835	4.602609781	-0.077727947
4.629103777	4.396832249	4.602223115	3.906044098	4.67329925	4.532220652	4.575636682	4.603231688	4.582864385	4.739663302	4.606539601	4.614119497	4.032141174	4.805034018	4.576752512	4.611959669	4.541421202	4.615197664	-0.078657351
4.622182501	4.448159747	4.601129092	3.831142443	4.609201789	4.516601502	4.567122724	4.597068172	4.584785521	4.738724891	4.610330728	4.589621541	3.964585786	4.800353585	4.578547231	4.598393527	4.52713671	4.609251397	-0.07191811
4.615209753	4.470183981	4.564968537	3.818921814	4.64961118	4.533999698	4.566019509	4.592964144	4.559697043	4.732502635	4.629381046	4.589180086	3.954176299	4.80117525	4.569022629	4.606762957	4.532152093	4.589180086	-0.077111092
4.572846885	4.35461862	4.522863063	3.795325361	4.67529861	4.508584951	4.559269653	4.576987678	4.521771955	4.729451974	4.645729635	4.62854339	3.989178279	4.818420299	4.591011391	4.619838221	4.53669417	4.587631107	-0.099158565
4.546893851	4.504380637	4.509933122	3.753944024	4.685216309	4.515454947	4.550090444	4.570101644	4.535084803	4.706745283	4.628111201	4.590826181	3.905469802	4.800697689	4.57278736	4.591942875	4.536883098	4.585223925	-0.089791894
4.542377852	4.489560296	4.501913064	3.695437198	4.700654139	4.529432687	4.54451918	4.591525223	4.527258774	4.701200595	4.610466172	4.568096401	3.840183262	4.80795595	4.546218729	4.586155582	4.527416765	4.592844571	-0.086477156
4.532089539	4.460390306	4.476519688	3.671003362	4.702630262	4.520126373	4.524493193	4.561910706	4.537480388	4.682720208	4.608690646	4.572932646	3.836780582	4.855482115	4.561490874	4.578604811	4.516777543	4.592088161	-0.091851946
4.524370021	4.572124452	4.496820069	3.693957778	4.693011473	4.502391114	4.510138801	4.578322819	4.523282473	4.714955852	4.645371877	4.598851861	3.913801891	4.90380552	4.658587928	4.616123448	4.560977512	4.636463132	-0.140761006
4.519643281	4.496527227	4.415370313	3.667618998	4.654805552	4.493180877	4.481944803	4.545423441	4.503186519	4.712923941	4.672459153	4.597148535	3.938303949	4.902720172	4.620930868	4.63377401	4.580157835	4.647599115	-0.178161582
4.512695629	4.497191442	4.391334772	3.596404897	4.639473498	4.449182223	4.466594154	4.547256304	4.487096011	4.665280514	4.608895795	4.51277322	3.820902364	4.849062992	4.569860679	4.586607482	4.542964193	4.606572914	-0.150389495
4.518017278	4.508143364	4.407305254	3.515112073	4.663081259	4.500395677	4.458415605	4.542816393	4.479058539	4.683859936	4.60966862	4.518085442	3.750633536	4.875527355	4.580063142	4.586054772	4.553264949	4.629311077	-0.158229788
4.496471117	4.430817147	4.378269934	3.538056913	4.664382394	4.480740456	4.433195269	4.531523994	4.480740456	4.689190368	4.634352068	4.513463878	3.784043291	4.893154364	4.602276008	4.564311781	4.575135699	4.633224037	-0.149091831
4.484280124	4.459135942	4.403202268	3.575298955	4.630986199	4.501068431	4.428581274	4.546629456	4.503285727	4.65090284	4.609366814	4.487249623	3.754225777	4.853712573	4.569520906	4.528021175	4.543637108	4.595883464	-0.113863228
4.496527794	4.47625683	4.378326611	3.566768845	4.640594355	4.44623148	4.440352568	4.54865686	4.496527794	4.62364362	4.598764024	4.469136752	3.775989571	4.836477802	4.55625203	4.504657939	4.524908779	4.574372571	-0.084556212
4.506524432	4.442721475	4.396985466	3.728170386	4.72124408	4.492071706	4.450923044	4.560243039	4.513125116	4.615611799	4.603890833	4.453840346	3.907523038	4.803391596	4.522418022	4.501265647	4.528215139	4.55783006	-0.068000507
4.512093941	4.541300993	4.401965399	3.850283738	4.723977852	4.495491457	4.472917135	4.562398822	4.512093941	4.611630396	4.605274442	4.463970397	3.976931422	4.796237266	4.523370279	4.510601679	4.540523359	4.555155021	-0.060780259
4.503170045	4.516371557	4.400635605	3.864963983	4.681237457	4.508691871	4.464790617	4.572679579	4.526159564	4.581417752	4.584600779	4.452279308	3.961011282	4.722887795	4.507554988	4.484405807	4.51439652	4.530180388	-0.037027121
4.522147337	4.535106481	4.448875135	3.947748909	4.678779407	4.517790031	4.49571408	4.583283337	4.547899833	4.585374391	4.573690775	4.470227793	4.093377776	4.761162862	4.508582291	4.507441389	4.519920281	4.562949533	-0.034301632
4.51206341	4.54870544	4.434487471	4.081027148	4.70421574	4.478578139	4.481977575	4.573785125	4.534853327	4.604023922	4.610373149	4.501254997	4.206489069	4.752700135	4.522210362	4.531384738	4.556188715	4.580392317	-0.058498134
4.51644282	4.514254635	4.446278302	4.198808425	4.696028396	4.530550487	4.492105335	4.575845223	4.564452039	4.590028368	4.587893895	4.468908214	4.263949692	4.669907047	4.523925013	4.531866064	4.534123401	4.571738455	-0.048759665
4.515216678	4.57879741	4.442622456	4.204663819	4.698631729	4.513026097	4.49978087	4.582895777	4.533645384	4.616849875	4.613670222	4.513251474	4.319598351	4.739207967	4.562488666	4.55913108	4.55463669	4.583495519	-0.068278841
4.518022401	4.614620538	4.467704352	4.237944928	4.533174206	4.493738647	4.497084997	4.590571283	4.510359528	4.561552793	4.533073322	4.477090687	4.320979607	4.643421379	4.536401112	4.519650302	4.503758934	4.533073322	-0.03376363
4.575775749	4.585001853	4.461334189	4.325490657	4.508693659	4.571647776	4.523994504	4.581935933	4.534782096	4.562723183	4.556373956	4.483734772	4.386710796	4.671558667	4.504074456	4.517407987	4.522911578	4.540322247	-0.0109194
4.558321836	4.575984633	4.4877554	4.390981832	4.651342375	4.573922776	4.538204694	4.594352496	4.581120751	4.589343466	4.594479584	4.531033362	4.422757392	4.676097343	4.563259566	4.563259566	4.586249085	4.587281609	-0.013358833
4.550817254	4.569646263	4.517534526	4.447449355	4.662598507	4.58710947	4.551872663	4.584049804	4.55292696	4.560056181	4.564162963	4.519105577	4.467417327	4.658914119	4.557996448	4.541364048	4.552828478	4.559026845	0.016817785
4.570612493	4.595153602	4.550747752	4.505383602	4.66535786	4.586021118	4.563339733	4.593131356	4.562296436	4.553748727	4.530121537	4.518621149	4.48765231	4.640252361	4.554763441	4.538403158	4.548659658	4.54251839	0.036341572
4.575030996	4.585287497	4.594429257	4.494558643	4.626272743	4.597458032	4.573999537	4.600477662	4.568826219	4.547656659	4.53554753	4.52534336	4.395176265	4.597544753	4.543636553	4.52534336	4.536562243	4.521232357	0.054829036
4.624180364	4.585155902	4.638793386	4.543483206	4.655100701	4.60635811	4.619261515	4.611340681	4.591259685	4.518347233	4.489272503	4.509414171	4.433847969	4.557111776	4.527201201	4.508416664	4.50140612	4.49434608	0.098939948
4.607268796	4.617199365	4.618187019	4.593198212	4.657863244	4.610258335	4.603268791	4.576871319	4.580978101	4.557002488	4.55500847	4.549002446	4.540937886	4.571832221	4.55500847	4.551008464	4.547997925	4.54194952	0.052260327
4.590180575	4.63388167	4.598269598	4.591195289	4.525168169	4.593221632	4.607292216	4.594233266	4.609286234	4.528831004	4.522727222	4.537917387	4.541929429	4.487417219	4.5548585	4.542929929	4.537917387	4.541929429	0.062364284
4.617184639	4.596215323	4.624077822	4.63481487	4.522960825	4.640623212	4.619158973	4.604255567	4.615206399	4.496275098	4.50130276	4.519195882	4.527046756	4.448794559	4.506305272	4.511282883	4.510289341	4.510289341	0.100948798
4.602428149	4.602428149	4.631100405	4.744324657	4.543557254	4.544620518	4.638867434	4.621306007	4.652316244	4.467334631	4.496922588	4.494977062	4.599363394	4.429594303	4.472327153	4.492051658	4.488137759	4.487156886	0.137097526
4.642856702	4.618477143	4.654351082	4.759140005	4.597528746	4.636090122	4.660995624	4.619463823	4.654351082	4.47046397	4.483103905	4.510737869	4.609970626	4.415145695	4.474370225	4.493675844	4.484069622	4.478261281	0.156858439
4.640650366	4.641615152	4.688704831	4.774181759	4.52298798	4.646425166	4.647384399	4.628022709	4.637750413	4.471897388	4.481634564	4.516859529	4.613104725	4.381857056	4.469938524	4.492237073	4.472875384	4.488394609	0.155147326
4.661048966	4.620502871	4.640015685	4.709072967	4.473225071	4.643872971	4.639049035	4.637112926	4.647715435	4.529289826	4.529289826	4.553202969	4.576557604	4.411264748	4.512695985	4.530257412	4.521515249	4.535081348	0.108791623
4.585119469	4.604321676	4.600309634	4.588176017	4.416580051	4.643580888	4.604321676	4.639723603	4.630989923	4.537457116	4.546452679	4.571023939	4.499600933	4.391804363	4.55635375	4.557338486	4.561267764	4.571023939	0.063857039
4.609322571	4.560333184	4.61627049	4.635859755	4.463766985	4.644551263	4.598305935	4.614290291	4.641662479	4.519631948	4.502416333	4.53457991	4.527631991	4.373979195	4.548332582	4.542461724	4.536556195	4.552227427	0.08169058
4.625384743	4.648641605	4.609574136	4.583336506	4.50354939	4.620470728	4.597549944	4.612557729	4.644802828	4.525224186	4.519295315	4.524238479	4.452706461	4.362994986	4.532097066	4.524238479	4.528175492	4.536977505	0.095246541
4.632083248	4.595390981	4.605441317	4.59438037	4.423919441	4.655183409	4.609433339	4.622298434	4.621314666	4.509703002	4.497856861	4.494873269	4.44378964	4.323645328	4.526248391	4.506754597	4.508721166	4.507738365	0.11456007
4.624236676	4.614374663	4.604414422	4.640782066	4.455754147	4.658007372	4.610402463	4.640782066	4.610402463	4.487540117	4.485571613	4.468680998	4.494399527	4.331420933	4.505084427	4.496350747	4.496350747	4.492444492	0.134731922
4.629910575	4.602213453	4.630885709	4.671005703	4.418888384	4.637685152	4.625020589	4.640585106	4.648277452	4.468131253	4.465191516	4.452351833	4.513093394	4.309403906	4.489429251	4.475928564	4.472037508	4.483665546	0.158848201
4.631066843	4.628138583	4.619302002	4.625201724	4.435796312	4.652282682	4.631066843	4.657991546	4.64076624	4.47883528	4.47883528	4.452114245	4.450106212	4.308936244	4.4807865	4.4807865	4.48855353	4.49721993	0.150280343
4.632086727	4.658037246	4.606444296	4.570853351	4.410645717	4.680552268	4.604444295	4.62426655	4.644665509	4.512274885	4.520148942	4.469887107	4.44059631	4.343692504	4.523085801	4.511286254	4.524062841	4.525038927	0.105098481
4.604370107	4.650343973	4.548800255	4.651299539	4.445201855	4.603368604	4.570779162	4.635899812	4.627132099	4.496948792	4.525965335	4.461821213	4.468110542	4.351893678	4.519038043	4.501001482	4.507049888	4.521022171	0.093308177
4.584067022	4.695131363	4.531644119	4.429746086	4.416548534	4.61524099	4.555049442	4.6142504	4.60928268	4.48201273	4.520208327	4.427262215	4.333141803	4.351988062	4.502297401	4.479961447	4.503300913	4.510297443	0.098985237
4.586090405	4.638708001	4.533777223	4.404380282	4.472884037	4.560275859	4.559229286	4.625075852	4.645455014	4.473649679	4.503592036	4.420595116	4.269821917	4.360037266	4.49271699	4.466532211	4.49072694	4.496685249	0.118538306
4.591134618	4.700543722	4.561281655	4.368244584	4.5229383	4.679412941	4.563369338	4.620122155	4.643492255	4.490297398	4.520856701	4.442107654	4.231230993	4.406828742	4.502237838	4.486285357	4.501248229	4.533399074	0.113935644
4.580067877	4.631053431	4.526342477	4.379739003	4.501135663	4.573895017	4.55409239	4.644606398	4.616325625	4.481064072	4.504780599	4.413855322	4.245341739	4.386753393	4.472023327	4.460861365	4.496937421	4.506731819	0.124321612
4.600184615	4.574737949	4.536918316	4.420071673	4.539057354	4.587033186	4.561245269	4.626958648	4.631839088	4.472924003	4.471930461	4.409378038	4.257693451	4.397669549	4.46294388	4.453875808	4.481821739	4.497447057	0.139248767
4.60620209	4.527241049	4.569575412	4.477369219	4.609194611	4.615152921	4.564380596	4.653039919	4.625985129	4.481512577	4.473552336	4.424412461	4.324052828	4.434850969	4.481512577	4.463512091	4.502111638	4.501140293	0.132649754
4.594190733	4.512039299	4.544439541	4.522956438	4.61321985	4.64831117	4.568587696	4.65308901	4.620140293	4.485952828	4.479946804	4.432661531	4.407073781	4.455555351	4.506694312	4.474914081	4.506694312	4.496871051	0.121296855
4.590136324	4.448596152	4.558158354	4.518602155	4.559206023	4.60124194	4.565469092	4.649266847	4.607247964	4.512503886	4.49320415	4.468280742	4.44917188	4.477699964	4.526490128	4.506449377	4.545163889	4.532424863	0.086728004
4.564722654	4.554251354	4.53619457	4.476574267	4.565763778	4.560547282	4.55950071	4.633159815	4.586361829	4.537341455	4.547514482	4.498774924	4.432889411	4.527063872	4.564574605	4.541423093	4.568546805	4.562582573	0.045957585
4.565529204	4.498837829	4.524100019	4.482011858	4.57175329	4.597277902	4.52842903	4.630977821	4.595259738	4.560658079	4.581192681	4.526899599	4.459208761	4.537572059	4.581192681	4.564798872	4.594317554	4.591303991	0.007988011
4.561172343	4.5411189	4.53684539	4.470449327	4.583900594	4.6130924	4.533628229	4.631766161	4.574665023	4.544976174	4.563495222	4.507954495	4.470628538	4.520802638	4.581677541	4.548086597	4.572627706	4.56654866	0.022446189
4.551778236	4.731811664	4.535828935	4.527217472	4.631820944	4.607177016	4.536900172	4.620067626	4.580886321	4.551186983	4.596718367	4.516428349	4.511054881	4.556349617	4.578753812	4.549114443	4.575728092	4.569649045	0.019400586
4.581186495	4.507866359	4.57501998	4.537200347	4.673137836	4.637946378	4.545729183	4.6203678	4.614438929	4.556669407	4.576047882	4.528469105	4.530585508	4.578066046	4.578066046	4.554607551	4.582090196	4.582090196	0.01938097
4.592452165	4.523678376	4.566557399	4.502648271	4.671078108	4.604647439	4.56340448	4.632537693	4.641339705	4.584285603	4.586328504	4.553130435	4.485492883	4.620434117	4.60151867	4.577102401	4.594458631	4.59849904	0.008166563
4.593339615	4.532841503	4.519854308	4.541406866	4.653249525	4.541406866	4.547783083	4.622269313	4.585209489	4.599991907	4.585558667	4.544217327	4.531145245	4.617242462	4.608146896	4.592801327	4.614219789	4.614219789	-0.017848338
4.575948799	4.548807258	4.520908453	4.588231451	4.658918376	4.634936412	4.53816886	4.633965066	4.585174902	4.643253624	4.640181425	4.576668019	4.658474618	4.656458488	4.665499233	4.623635029	4.644275596	4.655448897	-0.060121623
4.570599425	4.591091945	4.548620518	4.59210563	4.647292046	4.658731637	4.527229328	4.601182848	4.570599425	4.642959526	4.636716009	4.588604112	4.688583251	4.677621507	4.665524586	4.62727703	4.655330818	4.656354883	-0.07443264
4.570819373	4.553064338	4.541405488	4.58009301	4.675869282	4.660845525	4.528529774	4.604410318	4.563546614	4.638782838	4.64814328	4.599353116	4.692685056	4.684732728	4.677722183	4.635643118	4.658442033	4.64814328	-0.077323907
4.570738297	4.586146922	4.564507747	4.462613439	4.67950914	4.620218354	4.542389942	4.602325232	4.555088525	4.649864967	4.650901773	4.620389148	4.576714085	4.700431856	4.679504336	4.641531585	4.659157754	4.641531585	-0.081199209
4.543488653	4.509917552	4.567687624	4.412843704	4.633070384	4.653312039	4.521959296	4.584182844	4.52413321	4.697564673	4.698620082	4.670810804	4.549904675	4.741970523	4.758002931	4.693331863	4.711198865	4.688015529	-0.145592407
4.531644582	4.593218541	4.492122424	4.389619586	4.509880937	4.658831889	4.507678293	4.588144963	4.509880937	4.686419544	4.67994703	4.642456421	4.548269206	4.701361124	4.736744628	4.688567773	4.717126033	4.694984907	-0.153699115
4.538045698	4.555013231	4.480824369	4.41892487	4.513139159	4.60725245	4.505434112	4.570663003	4.52621124	4.655762844	4.665445545	4.607026732	4.546189262	4.702233718	4.689772498	4.665445545	4.686632778	4.6792682	-0.128469938
4.558375603	4.543591806	4.505646875	4.46159684	4.518819403	4.617395781	4.513351921	4.578096013	4.548896859	4.642585414	4.654318882	4.607647363	4.576042023	4.664867503	4.679451095	4.649002548	4.664867503	4.668010512	-0.107540668
4.580303165	4.524410918	4.536270895	4.466358906	4.545870969	4.650594339	4.526577766	4.582352347	4.555379757	4.673345557	4.661748168	4.628321876	4.598269531	4.688946497	4.687913973	4.663866813	4.67961517	4.682735297	-0.114816191
4.564380578	4.559158634	4.528321528	4.447378487	4.507589743	4.586019753	4.517463658	4.57267938	4.53370657	4.714390576	4.68568047	4.661661848	4.614141595	4.732053372	4.733082709	4.705969473	4.717530296	4.712291939	-0.156279611
4.578046572	4.593345187	4.548847417	4.440543125	4.545667764	4.591318844	4.518769962	4.575988958	4.529616055	4.70999414	4.704711508	4.680045378	4.615000033	4.692990543	4.731881413	4.70999414	4.711047326	4.715249013	-0.156922852
4.581643896	4.687413745	4.590813599	4.434124202	4.544100384	4.625695063	4.511700142	4.579594715	4.528031479	4.756558423	4.748074809	4.734133564	4.656697248	4.740592144	4.757613832	4.759721314	4.761824365	4.758668128	-0.206102085
4.571700556	4.635786544	4.569630162	4.43802142	4.587093369	4.593184758	4.525131295	4.568593355	4.533761338	4.771188318	4.739715291	4.769049279	4.689987532	4.772256123	4.793376233	4.783927343	4.77011937	4.775452716	-0.232070781
4.579958982	4.644497503	4.594215843	4.432113171	4.641608719	4.573786123	4.529475076	4.561324902	4.529475076	4.77488969	4.773821885	4.781272691	4.680965956	4.784448977	4.790771443	4.790771443	4.779149548	4.77488969	-0.234684897
4.584006752	4.694156598	4.646372332	4.484192061	4.630898136	4.628946915	4.550774203	4.581961762	4.532659696	4.751432516	4.743989632	4.777570962	4.692527813	4.793947991	4.766154128	4.782717654	4.749311625	4.749311625	-0.20383124
4.611836049	4.686440422	4.679967908	4.508349535	4.682746974	4.610842507	4.574401228	4.57026899	4.489449584	4.74961042	4.724399	4.774201823	4.707231197	4.830291289	4.756845593	4.780256332	4.736033188	4.713703711	-0.181413969
4.620957977	4.680248762	4.698648545	4.597028619	4.7238524	4.638536554	4.619972269	4.557928989	4.51833045	4.75969549	4.732582255	4.792086986	4.789094465	4.868752868	4.767892257	4.80101119	4.741003357	4.712293251	-0.182025601
4.619125042	4.639623563	4.670073109	4.588075978	4.733615351	4.64058928	4.613190306	4.580929444	4.522926894	4.76849332	4.71990932	4.801948036	4.807912269	4.901509116	4.795948018	4.814825877	4.752908589	4.744496342	-0.193730391
4.607265084	4.682228123	4.673859873	4.595216746	4.701485939	4.694193291	4.642562866	4.594206134	4.52730554	4.771703024	4.729278847	4.814392433	4.823307797	4.902895235	4.809404892	4.835072638	4.7768817	4.762313284	-0.20413781
4.609258271	4.652149836	4.683152788	4.689607398	4.655008342	4.580973557	4.626048789	4.583020641	4.530542703	4.748647074	4.729477158	4.80104735	4.908208047	4.862201774	4.799043342	4.825764377	4.757050485	4.746535141	-0.196781601
4.576823735	4.712282282	4.667258601	4.705973113	4.618139435	4.61616315	4.633810667	4.586040391	4.534800746	4.745730653	4.764658663	4.795430322	4.924152187	4.836009862	4.801472636	4.840847801	4.75838905	4.744668518	-0.200257448
4.575951554	4.636879032	4.680487838	4.770046987	4.608375874	4.643639077	4.63590957	4.588234206	4.497795154	4.764547154	4.779346579	4.819454782	5.025517805	4.848269493	4.814401715	4.87246032	4.77829671	4.760278204	-0.222106589
4.560325587	4.718651638	4.665476876	4.704262901	4.593250371	4.605322953	4.655065045	4.584099316	4.516491739	4.798590711	4.811356842	4.836410344	5.020448639	4.885691306	4.874837721	4.910886437	4.8102992	4.802864222	-0.261546599
4.562509582	4.735020268	4.665775856	4.640941724	4.551994238	4.647688737	4.640941724	4.57601628	4.513196268	4.832267725	4.858626657	4.857585533	4.952895712	4.868978716	4.898407527	4.93954947	4.84500675	4.841837176	-0.29090058
4.546427702	4.715177181	4.631949876	4.60259356	4.537988833	4.664210738	4.629052722	4.555837076	4.495797611	4.810528919	4.815856582	4.841041544	4.911070148	4.835846727	4.889584946	4.914927433	4.804098028	4.811596724	-0.281050775
4.581009579	4.632917439	4.665456195	4.671090012	4.604301772	4.671090012	4.640669416	4.583056663	4.509892087	4.818388784	4.814173815	4.852500618	4.973890511	4.845361373	4.88941254	4.913603366	4.80035116	4.798207536	-0.263327728
4.570443812	4.703197701	4.663396057	4.767339137	4.630763602	4.741475627	4.652954576	4.585868283	4.534574988	4.834712313	4.837855322	4.875828073	5.095541781	4.876834616	4.90461418	4.936393455	4.824163692	4.816712885	-0.276781698